1257.129 117.5059 1286.997 257.416 1187.129 257.4869 1163.783 417.3845 1183.899 547.2676 1377.109 254.2828 1397.114 410.8271 1400.244 537.289 1293.693 557.3413 1237.032 557.3682 1237.188 783.9822 1217.235 1030.55 1350.425 557.3501 1347.02 777.2819 1367.093 1023.853 1240.413 97.55724 1277.15 97.44216 1223.828 124.1463 1320.566 117.4881 1373.704 1080.453 1400.33 1073.835 1350.512 1047.153 1263.771 1077.189 1233.696 1080.393 1210.557 1053.822 
1276.104 120.3592 1323.802 263.5436 1224.93 260.1436 1201.041 423.5652 1211.326 556.6084 1426.069 273.5744 1433.038 427.0148 1432.836 553.2338 1323.732 563.5436 1265.768 566.8268 1293.008 802.1771 1269.209 1061.283 1378.556 563.4866 1395.36 802.1771 1409.065 1047.602 1269.322 103.21 1299.986 103.1229 1252.252 127.0297 1354.622 123.5724 1419.27 1105.489 1446.514 1098.835 1398.789 1061.287 1334.083 1105.587 1303.37 1109.014 1255.585 1081.779 
1287.006 120.2013 1314.212 260.2859 1215.366 260.2864 1188.155 423.8077 1211.813 553.5667 1406.344 260.2331 1413.177 423.7538 1423.49 539.8941 1317.634 560.2664 1256.258 557.0086 1259.641 805.9427 1259.668 1041.332 1375.698 556.998 1375.673 795.7571 1375.546 1051.506 1269.911 99.87963 1310.905 96.59907 1256.232 130.5211 1351.955 123.7417 1426.878 1113.083 1433.781 1102.799 1351.857 1078.821 1266.361 1095.9 1239.205 1085.736 1266.594 1051.61 
1347.368 122.9818 1340.498 276.5602 1242.711 276.4929 1214.982 443.9807 1232.351 576.5545 1438.143 276.4494 1462.697 440.4843 1465.989 572.95 1343.947 576.5403 1274.271 579.9585 1291.704 817.0938 1354.599 1078.858 1406.848 573.1044 1438.304 841.5692 1445.239 1078.963 1323.033 109.0279 1361.481 102.1976 1294.99 143.8715 1389.353 140.4585 1528.894 1120.72 1528.85 1103.284 1434.544 1106.745 1277.674 1141.714 1274.307 1131.128 1382.328 1103.257 
1313.358 138.5508 1313.54 297.246 1218.187 297.4317 1197.196 463.1921 1200.713 586.7125 1412.29 293.8553 1430.033 463.1821 1447.51 583.087 1317.156 597.2242 1256.917 597.2141 1232.36 861.7435 1253.66 1094.718 1391.106 597.238 1394.615 833.5997 1341.815 1084.244 1285.368 127.9407 1331.108 124.4103 1253.643 166.7007 1352.385 152.6195 1451.002 1144.163 1451.021 1137 1320.622 1112.461 1165.346 1140.689 1165.34 1133.517 1278.221 1119.448 
1377.898 136.8402 1318.418 290.0627 1217.52 286.7789 1199.944 457.3834 1210.429 583.0162 1409.059 290.1467 1419.563 447.0659 1440.447 572.4412 1325.482 589.9796 1266.139 593.5054 1273.246 830.465 1356.771 1077.929 1384.851 579.5729 1447.521 823.5469 1436.96 1064.051 1353.431 126.281 1377.742 122.9 1290.672 150.7373 1349.723 136.8719 1545.091 1081.48 1541.468 1074.355 1419.595 1095.32 1269.708 1137.301 1269.701 1130.132 1381.198 1102.284 
1346.046 136.4287 1294.061 285.8412 1203.611 289.3087 1182.763 456.214 1193.204 581.4636 1387.922 275.5714 1408.784 431.8466 1426.092 550.1321 1318.195 584.8688 1248.884 584.9365 1221.081 817.7527 1241.882 1068.136 1377.48 581.3949 1405.256 817.8662 1321.798 1071.513 1318.386 122.6731 1342.626 122.3994 1262.586 150.4556 1346.06 136.5004 1443.569 1127.11 1440.075 1116.745 1294.191 1099.379 1175.754 1123.699 1168.845 1106.39 1262.73 1095.999 
1320.801 120.7333 1260.84 254.2664 1180.735 250.9039 1154.13 420.8519 1164.224 550.8995 1340.783 260.856 1344.03 414.3 1364.183 537.5156 1267.508 554.1923 1214.22 554.192 1237.538 780.7043 1264.027 1020.774 1320.75 550.887 1334.074 770.84 1320.761 1000.788 1297.574 104.1737 1317.554 100.917 1240.675 120.9737 1290.68 130.8845 1417.483 1050.638 1414.136 1030.93 1307.526 1027.413 1277.529 1080.785 1250.803 1077.588 1264.16 1030.919 
1296.504 116.8289 1265.482 259.9861 1166.774 260.0371 1146.375 427.1236 1153.089 580.3694 1350.986 259.9534 1371.362 413.3159 1377.994 532.7059 1265.721 559.986 1204.323 560.0414 1211.162 805.4297 1228.125 1047.438 1326.989 559.916 1347.597 788.3835 1320.109 1043.96 1272.536 96.51297 1303.105 96.2973 1218.009 123.5019 1320.052 133.863 1378.096 1105.545 1388.321 1098.549 1296.318 1067.852 1211.063 1091.747 1187.24 1078.303 1241.735 1071.294 
1273.221 126.2828 1269.872 276.3517 1175.579 279.7826 1158.211 450.5985 1172.1 593.5066 1374.36 272.8693 1388.256 433.1766 1405.538 565.6488 1280.295 576.1706 1214.126 582.9982 1238.452 823.5494 1262.859 1067.615 1349.895 576.0602 1363.937 823.4949 1384.807 1067.546 1252.336 115.9011 1294.224 112.4027 1217.562 143.8012 1322.02 136.8798 1402.217 1123.297 1430.032 1109.472 1374.348 1078.13 1273.255 1130.382 1245.336 1127 1269.895 1078.019 
1221.309 143.7653 1259.553 290.1826 1158.505 290.3602 1151.531 461.0391 1151.396 607.6317 1353.668 286.7184 1381.474 450.5886 1378.119 583.1914 1266.562 590.1007 1207.213 593.5464 1228.214 827.1625 1214.228 1095.595 1325.884 586.6223 1332.782 823.7991 1367.693 1064.271 1210.749 126.2695 1245.615 122.8675 1186.457 143.8679 1294.518 136.8866 1346.747 1120.17 1378.209 1113.188 1374.632 1074.951 1270.111 1130.623 1242.073 1134.173 1203.724 1113.149 
1173.749 124.9763 1218.649 263.241 1118.571 266.4917 1114.936 432.0244 1108.133 573.5238 1311.757 263.2121 1339.254 428.5482 1335.908 566.5919 1218.664 563.241 1149.652 566.5964 1146.131 811.5108 1170.259 1059.91 1284.076 563.2006 1284.116 808.1324 1287.737 1042.757 1166.83 107.7785 1198.043 104.4511 1173.872 142.3419 1253.111 125.0924 1325.544 1111.696 1342.757 1094.538 1280.681 1066.831 1101.371 1115.18 1094.515 1101.329 1187.594 1087.402 
1239.692 136.5445 1264.738 293.5761 1161.246 282.9548 1150.459 450.804 1153.843 604.1953 1357.638 297.1338 1378.885 450.688 1382.526 579.2377 1268.141 593.5568 1203.969 597.1187 1232.568 836.1646 1246.943 1075.465 1328.887 590.0501 1357.668 836.3066 1393.243 1096.918 1225.37 125.6685 1264.717 125.769 1211.074 143.6824 1307.523 147.3119 1439.579 1132.623 1460.972 1125.434 1382.545 1125.564 1193.295 1154.13 1182.705 1143.321 1268.384 1093.342 
1182.692 140.402 1228.068 286.7003 1130.289 286.7453 1113.019 457.5112 1102.401 596.9871 1325.508 283.2284 1346.487 447.119 1346.456 596.9235 1217.592 586.5173 1154.926 583.0488 1109.51 820.114 1106.132 1071.052 1290.65 586.593 1294.338 837.5209 1214.069 1074.68 1165.345 123.0703 1207.056 122.8414 1179.266 147.3635 1259.421 129.9412 1329.112 1123.377 1322.255 1105.948 1186.189 1102.46 1015.452 1102.449 1018.801 1095.456 1130.377 1098.895 
1140.112 142.4361 1146.901 280.7581 1064.4 280.7141 1037.973 451.9688 1047.958 590.2018 1245.465 280.8505 1251.969 435.5299 1265.321 547.3983 1163.122 580.3192 1097.332 586.9028 1113.714 804.3109 1189.503 1018.377 1222.515 570.582 1298.219 797.6373 1275.209 998.5258 1120.29 125.9723 1163.165 119.5754 1100.687 155.5629 1199.476 145.7497 1370.673 1024.853 1364.084 1011.833 1252.162 1021.644 1100.664 1067.851 1103.907 1064.343 1209.273 1038.187 
1154.016 123.4286 1184.714 266.1197 1092.686 272.9175 1075.857 436.2254 1089.28 562.1344 1289.98 262.7876 1306.92 422.6205 1317.242 541.6998 1204.812 565.4457 1133.501 565.5433 1102.954 807.0609 1119.834 1038.261 1266.113 562.153 1273.042 800.0652 1211.839 1031.531 1140.317 113.1161 1180.955 109.7177 1126.818 126.7693 1225.314 123.3942 1303.547 1096.138 1300.159 1079.11 1187.98 1051.995 1024.744 1068.819 1031.484 1055.227 1136.874 1062.11 
1143.838 145.6882 1170.698 280.7819 1069.671 283.9669 1059.346 446.0161 1066.151 584.0822 1261.806 280.7191 1278.628 439.1876 1298.807 557.2021 1177.556 580.7035 1116.885 584.1739 1137.026 806.6309 1258.356 1029.132 1248.23 577.2883 1275.27 813.3933 1244.8 1035.845 1126.844 122.4031 1170.527 122.1902 1116.671 145.8153 1207.805 142.3685 1150.526 1096.519 1174.036 1103.26 1258.333 1062.766 1147.124 1103.306 1150.541 1093.311 1285.347 1049.298 
1150.105 123.5048 1184.278 260.1965 1085.246 263.4048 1071.702 427.2217 1075.04 563.6086 1286.449 260.1517 1296.569 423.7496 1296.694 556.7001 1187.478 560.1794 1126.183 560.2486 1126.076 802.2816 1129.681 1044.279 1248.933 560.1525 1265.819 798.8956 1221.738 1027.291 1133.073 106.5363 1170.493 99.80534 1129.6 143.9489 1218.254 120.1137 1269.333 1102.223 1283.035 1085.329 1204.651 1047.828 1129.68 1095.53 1105.705 1085.289 1136.515 1051.251 
1176.527 128.5402 1197.073 283.5621 1093.775 286.8701 1083.485 452.354 1090.315 583.4885 1290.244 276.7443 1311.02 435.3494 1331.62 573.2252 1200.785 583.5392 1142.07 586.9549 1169.426 810.9352 1152.409 1076.499 1269.53 583.4625 1283.45 831.7585 1304.043 1059.298 1166.031 121.4043 1200.608 121.3803 1141.882 149.0221 1235.069 145.614 1283.45 1111.001 1314.378 1107.547 1297.153 1073.088 1200.605 1117.787 1169.541 1117.99 1145.426 1093.875 
1186.118 140.5347 1158.922 283.6939 1066.854 286.9775 1049.953 453.8951 1066.915 600.2652 1254.22 283.5537 1271.299 443.653 1288.301 559.4965 1175.862 583.2153 1107.858 583.2704 1128.007 808.174 1080.581 1049.967 1237.241 583.1542 1240.778 808.0997 1264.273 1039.595 1162.206 120.2012 1203.129 123.425 1111.17 143.9371 1216.784 147.2674 1240.639 1094.153 1271.261 1090.673 1260.993 1049.997 1124.695 1097.542 1090.721 1097.592 1073.678 1073.699 
1246.803 132.9818 1210.949 290.0204 1100.572 293.5496 1093.201 457.8573 1096.812 597.074 1307.44 279.4151 1325.377 447.2333 1328.91 586.4648 1211.181 590.0203 1150.439 590.019 1161.118 832.6337 1132.613 1096.887 1271.89 593.4882 1253.876 818.5255 1300.258 1093.262 1218.278 122.1743 1250.414 118.7604 1161.169 143.7653 1275.382 154.3595 1303.93 1157.451 1329.073 1150.369 1296.635 1104.086 1186.089 1132.611 1153.918 1139.687 1121.87 1125.302 
1200.842 123.1273 1156.638 279.6334 1068.191 279.6659 1044.619 446.157 1071.544 585.5507 1241.75 279.6599 1265.324 435.9921 1289.179 555.0086 1180.517 578.6815 1119.337 582.1616 1149.78 826.9386 1221.241 1047.817 1241.65 568.5664 1289.156 803.2694 1292.681 1024.177 1177.122 113.0199 1204.314 113.0272 1125.911 143.5793 1214.509 146.992 1391.285 1068.186 1391.172 1048.01 1279.073 1058.146 1126.152 1102.239 1126.207 1095.518 1241.708 1071.584 
1149.13 125.1706 1173.168 283.5581 1073.251 287.2087 1055.924 452.6852 1062.782 576.6592 1276.536 269.8165 1304.145 425.0693 1283.514 562.8324 1173.306 583.5581 1114.542 583.5561 1083.527 821.5491 1090.479 1059.365 1238.718 583.5774 1252.518 814.5693 1173.374 1066.296 1125.025 121.6628 1169.729 111.2238 1111.135 152.7797 1200.809 131.9251 1290.438 1117.922 1283.635 1107.63 1152.478 1090.645 990.4532 1090.397 997.3248 1083.58 1111.189 1086.974 
1218.07 162.1188 1236.797 319.2849 1124.448 323.0799 1105.753 499.1651 1132.021 641.3857 1341.649 315.6474 1379.114 480.3839 1382.884 607.5731 1251.91 618.904 1184.495 633.9313 1206.863 910.9504 1353 1150.677 1330.28 611.3931 1420.485 843.5524 1555.198 824.9059 1195.672 146.9758 1240.745 139.5368 1173.076 173.3065 1274.516 165.7552 1607.689 892.3398 1626.333 877.2203 1566.43 806.1794 1244.208 1214.259 1244.35 1210.461 1382.836 1165.698 
1141.347 145.116 1148.343 289.4077 1049.832 289.4693 1028.575 458.4626 1053.385 578.2009 1250.491 285.9667 1274.973 437.2966 1281.981 553.478 1169.458 588.6636 1109.756 595.6669 1151.79 820.9852 1141.209 1084.999 1229.288 581.6696 1253.824 831.4778 1278.647 1067.36 1120.238 124.0955 1165.977 124.135 1088.48 152.0523 1197.472 152.0827 1275.082 1123.683 1306.561 1116.62 1275.053 1084.882 1151.896 1137.785 1127.154 1137.663 1144.813 1109.487 
1115.116 121.7193 1135.714 263.2099 1035.572 266.5639 1028.726 428.6819 1032.183 549.3619 1228.966 263.1559 1276.986 421.5955 1252.991 542.3723 1139.193 563.1898 1077.041 563.1904 1063.194 811.4463 1059.849 1063.155 1201.25 566.4764 1215.068 807.8804 1177.135 1052.858 1091.001 107.7867 1139.2 101.0101 1066.718 135.3416 1170.305 125.1989 1277.031 1114.929 1277.099 1101.146 1159.835 1073.651 980.3491 1094.307 980.3703 1087.296 1080.492 1087.465 
1119.509 129.1573 1073.281 260.7764 984.4562 263.9987 961.6475 428.4724 987.668 556.8574 1168.765 260.7269 1181.865 412.0125 1194.925 533.7788 1093.178 560.1158 1037.159 563.447 1066.778 783.8518 1145.808 1010.866 1155.524 553.5063 1198.423 773.9855 1224.726 994.3882 1099.666 112.6952 1129.324 116.033 1040.534 119.4239 1138.992 152.1334 1323.374 1017.465 1316.729 1010.844 1217.969 1027.272 1060.176 1063.497 1063.349 1056.846 1172.041 1033.841 
1196.327 131.4981 1161.02 293.476 1058.842 297.1211 1037.667 466.413 1055.38 603.7571 1256.282 282.9452 1284.449 438.3127 1284.371 575.5958 1171.844 593.2806 1111.711 589.8417 1069.44 850.7154 1076.356 1086.997 1242.148 589.8527 1259.872 829.5863 1196.301 1087.156 1171.517 124.1969 1196.438 124.1333 1111.689 152.4054 1220.869 163.0695 1309.252 1136.396 1305.648 1118.794 1168.065 1115.3 977.6676 1118.699 981.2061 1111.647 1090.599 1111.771 
1234.367 129.2518 1184.552 286.1438 1088.207 293.1807 1066.678 464.2404 1091.794 585.6961 1287.886 279.0178 1309.352 439.3453 1316.429 557.1713 1202.374 585.614 1134.571 589.1479 1127.666 838.5977 1177.31 1084.644 1266.576 582.1021 1323.57 820.9471 1330.805 1077.528 1209.328 122.09 1234.333 121.9981 1148.808 150.6781 1234.296 164.8629 1441.208 1098.851 1437.588 1091.729 1323.417 1113.27 1156.011 1152.4 1131.089 1145.232 1188.102 1095.405 
1221.398 124.4933 1193.078 279.5487 1087.352 283.1502 1066.188 445.3401 1087.223 575.9614 1285.063 272.5428 1309.553 434.7767 1309.726 565.3268 1196.792 579.5257 1136.683 582.9088 1115.522 857.9413 1115.582 1080.294 1260.166 579.477 1281.467 815.8188 1231.957 1083.713 1193.258 113.769 1224.92 103.3469 1140.304 145.5513 1221.276 163.124 1334.314 1136.792 1334.258 1119.154 1210.769 1111.958 1062.787 1112.213 1055.721 1104.958 1133.247 1108.524 
1210.839 134.9089 1203.748 279.6259 1108.441 283.0599 1087.233 448.9443 1108.525 579.4724 1309.497 279.5397 1337.755 438.2854 1334.206 572.339 1214.434 579.4355 1147.306 579.5027 1157.91 822.8679 1158 1083.819 1281.491 579.3723 1309.668 861.7283 1316.698 1083.76 1193.161 124.2062 1228.579 124.2942 1154.407 148.9498 1256.564 152.5211 1323.777 1122.709 1355.443 1119.128 1309.496 1097.997 1175.626 1136.734 1147.296 1133.308 1161.442 1097.968 
1207.893 150.7851 1211.406 293.8858 1110.295 294.0272 1092.833 461.4036 1103.106 590.4583 1309.03 293.8342 1350.74 457.8228 1323.113 576.5427 1211.345 593.8858 1152.014 593.9435 1159.007 831.2079 1127.756 1078.84 1270.636 593.8541 1263.69 827.7249 1291.643 1068.279 1183.589 130.0272 1225.389 129.971 1155.528 157.9466 1249.858 157.9241 1263.63 1120.744 1295.109 1117.179 1298.554 1078.777 1179.937 1124.177 1145.066 1127.626 1117.207 1103.16 
1296.08 156.3493 1288.85 308.0268 1188.722 304.4314 1159.131 470.9455 1166.41 607.6917 1403.271 311.6678 1436.703 481.9913 1399.539 604.1499 1277.603 607.8159 1207.244 607.8152 1203.628 852.0173 1192.498 1033.329 1344.159 607.8766 1344.177 874.3747 1348.044 1114.779 1281.219 134.1682 1318.292 134.205 1251.523 160.0844 1347.895 163.6927 1321.949 1181.332 1358.914 1177.646 1355.318 1136.86 1155.413 1122.118 1133.277 1107.466 1203.567 1044.438 
1118.281 124.8807 1121.553 266.3366 1025.049 266.35 1004.394 425.1231 1004.418 562.9016 1225.118 266.4507 1252.644 425.1361 1228.47 559.5417 1118.126 566.317 1059.363 563.0663 1038.774 824.9963 1014.725 1066.417 1180.312 566.3661 1193.874 825.0457 1187.083 1059.601 1100.912 107.7455 1142.373 104.374 1073.375 128.4588 1173.25 128.4956 1269.919 1111.316 1273.259 1094.052 1169.754 1087.121 966.4579 1118.223 952.7017 1111.2 1032.007 1090.451 
1087.101 125.1023 1094.097 269.9409 997.5582 273.3237 980.2173 428.6313 980.3124 556.1514 1197.596 269.8773 1225.363 431.9936 1201.026 566.4635 1090.715 569.9219 1031.956 569.8934 1018.25 835.5172 1014.848 1063.262 1152.843 570.0151 1180.452 814.8525 1183.792 1059.72 1063.007 118.0055 1104.491 111.2946 1035.436 142.2527 1138.912 135.3342 1269.987 1111.413 1269.986 1094.135 1169.848 1087.268 963.1116 1118.253 952.7927 1111.253 1035.474 1087.318 
1044.634 136.2229 1073.058 296.3684 976.8131 300.0381 976.8408 467.5101 980.601 592.283 1176.491 285.8696 1215.768 446.2958 1208.426 584.9811 1090.993 595.8318 1026.838 595.7861 1016.212 830.9534 1062.379 1069.618 1154.956 599.3493 1137.279 845.2727 1130.266 1044.675 1026.81 125.5067 1069.466 122.0223 1005.421 154.0111 1101.653 143.3827 1140.85 1122.955 1165.727 1108.8 1126.508 1062.487 1030.311 1155.213 1009.018 1151.374 1076.64 1080.306 
1038.221 75.01391 1051.594 229.7969 953.8408 230.0345 940.4656 394.9497 953.7858 529.5971 1152.579 229.7805 1176.234 388.2145 1173.001 519.4651 1061.765 529.6244 1001.105 532.9735 1024.633 795.5519 1044.831 1017.949 1122.38 526.2379 1139.094 788.8885 1145.745 1028.055 1014.667 64.76266 1061.826 64.67058 987.7217 91.74635 1095.333 88.28149 1145.811 1108.853 1172.813 1095.406 1135.819 1038.008 1051.579 1088.668 1031.33 1085.221 1061.755 1031.373 
1125.009 67.10396 1098.525 216.4402 992.5184 193.2095 896.3466 329.1082 836.7054 425.3618 1201.297 242.8698 1261.257 359.0139 1277.693 475.1116 1068.638 514.9478 999.1289 511.5842 1022.251 756.9824 853.0845 972.5116 1128.311 518.2434 1138.303 786.8395 1148.197 1035.543 1101.978 40.74065 1151.583 53.95564 1075.223 63.98021 1178.196 90.29153 1125.154 1095.234 1155.022 1091.851 1144.977 1048.76 866.4402 1065.434 836.6256 1048.916 826.6542 969.3658 
995.3716 67.11439 992.3765 212.4012 894.3782 212.3198 847.1077 392.5527 847.2271 335.5471 1093.377 212.4971 1172.287 392.3743 1134.524 335.5534 998.6068 512.3365 941.7828 515.6223 963.9817 768.1287 948.0651 1020.89 1055.542 499.7235 1071.243 708.152 1175.502 916.6479 970.2739 51.32738 1014.548 51.26575 941.8046 73.45748 1046.094 76.6324 1219.813 1014.541 1226.19 998.8083 1178.694 922.9294 1005.075 1074.49 973.4993 1074.555 926.139 1046.069 
997.6842 81.44315 1016.901 229.8759 916.9437 233.0672 862.0499 400.7006 955.7068 416.9153 1110.483 226.6177 1194.472 394.3371 1068.505 397.748 1023.532 529.8026 968.4731 529.9727 994.3517 762.0306 1010.506 1026.702 1091.112 526.5677 1091.187 746.0226 1226.62 949.207 981.5533 62.2149 1020.376 62.20375 958.9319 91.20977 1062.11 91.24909 1262.15 1042.757 1278.353 1029.844 1245.978 955.6904 1042.678 1075.118 1010.522 1075.118 1007.322 1046.031 
1208.524 167.7199 1201.295 334.2854 1104.843 326.9146 1034.381 493.5797 1082.683 515.7222 1308.509 338.0234 1412.408 489.8123 1290.214 512.0927 1201.147 634.2853 1138.291 634.3495 1149.314 875.0927 1078.996 1123.326 1260.583 634.277 1256.563 878.8831 1286.323 1127.055 1193.701 160.0271 1230.861 160.1858 1163.987 189.712 1260.597 193.424 1230.693 1193.622 1264.121 1193.68 1297.408 1145.661 1067.72 1197.33 1041.86 1178.972 1082.605 1138.273 
1280.978 206.8823 1276.875 368.3293 1167.925 368.5018 1143.749 558.2535 1264.833 554.1959 1381.88 368.3813 1430.289 542.0081 1321.34 606.6 1301.131 667.3472 1236.434 679.2878 1268.746 921.6071 1313.294 1147.758 1369.528 667.156 1369.554 893.293 1365.665 1167.842 1264.778 182.7992 1309.013 186.8079 1224.458 215.0806 1337.41 227.0617 1341.446 1248.627 1373.913 1244.53 1369.731 1175.821 1309.23 1244.762 1288.99 1244.484 1333.311 1159.795 
1250.545 245.9642 1274.902 401.1612 1180.969 409.3516 1189.327 597.0126 1262.737 580.8011 1364.814 380.7225 1417.825 568.6139 1282.996 507.5785 1307.568 699.3776 1250.429 703.4067 1266.882 932.1952 1315.738 1185.034 1360.827 699.2753 1352.603 944.2482 1287.302 1136.155 1225.864 237.7269 1266.778 225.5731 1193.526 266.5108 1299.594 246.1883 1283.078 1238.276 1295.466 1230.086 1262.854 1148.393 1315.849 1254.701 1287.311 1254.476 1324.066 1197.372 
1262.985 224.0961 1251.424 362.7129 1155.262 358.7881 1105.188 535.7256 1193.748 504.8702 1351.342 377.9248 1366.696 547.3822 1243.68 508.709 1259.084 662.6151 1197.501 662.6606 1212.874 897.4608 1274.623 1124.526 1320.638 658.9912 1309.038 885.88 1251.496 1139.813 1243.801 201.0127 1282.249 201.2428 1216.579 228.0666 1312.884 231.9678 1297.563 1208.906 1305.337 1189.89 1236.021 1159.104 1316.858 1189.803 1293.668 1189.908 1278.309 1155.116 
1234.427 169.6448 1241.879 319.7089 1144.467 316.0133 1039.676 465.7171 942.0861 406.0126 1335.726 323.3714 1478.24 432.2022 1605.598 394.6604 1234.479 619.6176 1178.158 619.6277 1208.318 855.9156 1272.048 1144.502 1294.478 619.6354 1271.891 878.3328 1204.439 1099.619 1212.102 161.9943 1249.514 158.4855 1185.776 191.9704 1283.276 188.3603 1234.508 1170.718 1238.26 1155.732 1181.848 1122.119 1245.697 1204.397 1242.036 1189.597 1283.205 1167.06 
1094.365 146.8658 1114.761 282.6291 1019.656 286.0231 883.7508 316.7123 717.3093 340.4373 1206.524 279.2766 1366.099 299.6624 1481.66 347.291 1138.552 581.6843 1087.568 588.3479 1128.256 819.2562 1243.818 1019.785 1192.844 581.568 1152.084 798.9669 1097.804 1046.923 1073.975 126.4712 1118.084 123.3024 1053.624 146.983 1152.275 147.0523 1165.671 1097.751 1159.007 1080.817 1074.127 1074.153 1182.65 1080.77 1182.677 1070.593 1270.94 1043.364 
1062.144 98.51019 1095.876 223.1569 1004.827 209.7665 860.0613 263.6923 688.2023 287.266 1193.585 226.6682 1308.118 209.7324 1375.487 223.286 1089.28 523.0844 1031.854 523.0789 1031.809 772.453 1065.607 1058.71 1149.815 523.1246 1146.431 785.9258 1142.919 1028.508 1062.01 78.41451 1089.074 88.52342 1052.101 135.6632 1146.374 115.2838 1143.007 1089.185 1169.868 1079.099 1129.589 1038.755 1008.263 1119.42 998.1573 1109.281 1089.134 1068.93 
860.4623 108.2468 958.4294 190.3874 904.7543 212.4756 771.9739 237.7707 705.6411 184.0123 1015.359 171.5039 1037.474 120.8871 1009.034 57.59789 1018.494 484.313 974.4032 484.4132 993.1216 718.2396 1072.21 971.1584 1050.244 481.232 961.6343 692.9221 1069.115 971.123 860.4959 86.24258 873.1319 86.19829 986.9211 127.2585 942.5796 86.23003 955.3098 1059.63 1015.283 1050.156 1091.224 980.5547 952.1993 1065.881 952.1033 1053.296 1100.577 983.7338 
907.6182 92.96117 970.0869 217.5671 930.7563 227.5454 832.1234 359.0453 795.8497 339.2828 1009.383 197.9916 871.5545 286.7357 855.0983 280.1357 1019.337 513.4968 986.5522 520.0175 877.9473 733.5275 979.9057 947.1463 1055.504 513.3319 986.4022 782.8158 1065.44 1062.019 901.1292 73.11124 933.8127 79.64797 1025.977 132.2946 986.5947 89.69731 953.7133 1091.538 979.9285 1098.286 1091.791 1085.104 887.9092 1029.278 888.0438 1012.893 1006.256 960.2697 
891.7309 118.4768 960.2457 219.5008 934.1546 222.6977 859.1054 372.7843 800.3292 369.5944 979.9655 219.3884 842.7799 330.4922 774.2603 372.7833 1002.733 516.477 979.9597 516.4984 878.6913 748.1594 940.6743 1038.628 1018.98 519.6975 845.9507 738.3203 1054.918 930.8281 875.4563 105.2077 917.843 98.80753 1019.017 131.3971 973.309 115.0484 1005.817 1012.478 1031.969 1009.18 1084.403 927.7528 832.9921 1103.753 839.478 1087.494 970.0725 1061.449 
1035.534 87.4239 1090.109 193.5966 1054.923 193.7355 936.0792 370.2701 968.1658 335.0533 1115.911 190.4712 990.6318 302.8893 965.0114 302.9027 1115.945 492.4821 1093.387 492.4735 958.4841 694.934 1157.665 887.7975 1138.393 492.5238 1019.593 749.5613 1128.779 1038.708 1019.506 62.012 1061.286 65.13602 1003.482 129.394 1112.739 87.46734 1013.022 1077.332 1025.967 1090.164 1160.929 1058.105 1115.839 1022.753 1119.13 1013.18 1180.178 894.247 
1189.045 41.36081 1217.043 159.7338 1201.444 150.4781 1070.474 337.6106 1036.152 275.2058 1235.747 162.9065 1123.468 309.5927 1033.065 262.6613 1235.69 459.1537 1210.781 459.2719 1136.153 702.4866 1126.641 958.3127 1257.708 456.0846 1188.977 705.6459 1320.037 945.7846 1182.801 31.92802 1214.002 34.99551 1092.322 63.13556 1260.664 59.89771 1229.487 1032.956 1251.343 1036.186 1357.36 958.3069 1014.354 983.1457 1020.574 976.951 1136.149 983.2431 
1329.327 89.50669 1345.176 213.2824 1310.313 216.3668 1231.13 336.9224 1192.965 371.8264 1376.791 213.1603 1253.175 339.9726 1199.271 365.5243 1380.075 511.2455 1379.995 511.2585 1361.106 761.7993 1500.446 1002.814 1383.161 514.4 1253.034 720.5137 1164.449 980.5768 1329.105 67.34475 1354.738 83.30527 1246.873 80.11253 1392.715 114.9152 1056.673 958.3168 1078.776 977.4157 1170.779 1021.727 1383.22 1031.369 1392.744 1028.127 1525.889 1028.068 
1252.232 135.1978 1311.535 238.5921 1264.745 257.3173 1317.969 395.0126 1289.734 510.8105 1343.009 229.2217 1436.715 385.5573 1333.485 513.7601 1371.018 532.636 1339.773 535.8218 1267.889 773.5372 1167.794 992.5585 1402.364 529.5276 1465.06 745.3716 1586.865 986.1921 1239.543 113.3515 1277.169 113.3579 1217.851 116.5579 1317.95 122.8166 1489.939 1020.746 1514.993 1033.176 1614.954 1008.125 1061.363 958.1082 1067.601 958.0056 1170.813 1033.096 
1259.13 80.54417 1259.115 236.5535 1156.176 249.7096 1149.594 439.069 1132.988 329.5959 1355.39 226.6911 1395.278 402.6053 1328.792 522.0533 1285.613 535.3809 1219.274 541.9602 1255.889 784.3011 1355.438 1063.253 1345.485 528.7244 1312.406 807.488 1232.684 1000.234 1235.907 67.11648 1282.417 67.4256 1205.845 93.91956 1305.555 113.6785 1259.136 1079.88 1265.844 1073.19 1209.247 1020.092 1269.131 1113.044 1275.724 1103.011 1378.692 1083.148 
1234.731 113.9451 1208.164 250.3333 1108.625 233.6794 972.1023 326.8802 975.4541 473.2684 1291.561 260.3255 1344.784 413.3117 1214.911 386.641 1188.44 549.6841 1131.758 549.6457 1131.863 785.8735 1184.994 1015.393 1254.902 549.7284 1258.267 782.3725 1178.295 1021.968 1211.564 94.05956 1251.593 100.6993 1174.968 120.7131 1264.968 143.9049 1138.432 1055.419 1165.09 1065.271 1148.451 1048.63 1291.567 1078.525 1278.191 1078.719 1191.662 1048.74 
1151.69 164.935 1177.383 310.5073 1086.209 332.1567 1093.698 503.477 1173.622 525.3514 1268.313 303.1401 1377.549 427.0067 1439.562 590.9681 1206.388 609.1019 1151.652 616.3737 1151.909 838.5529 1188.17 1097.104 1261.107 601.8489 1253.694 845.8583 1319.3 1053.487 1126.324 157.4944 1173.66 153.8512 1097.287 186.5806 1206.36 175.6661 1301.082 1108.054 1326.621 1097.104 1326.489 1060.828 1169.942 1159.105 1148.13 1151.752 1210.111 1118.894 
1317.291 232.9896 1301.238 373.1581 1201.21 369.016 1137.016 521.0753 1133.137 685.268 1401.206 392.9605 1425.291 565.0894 1337.234 689.0269 1301.143 673.1581 1237.271 673.172 1261.044 913.3433 1196.977 1113.245 1361.421 673.1752 1357.379 913.1843 1365.289 1173.25 1297.121 208.9412 1337.231 209.2231 1265.184 236.9216 1365.158 241.1064 1345.153 1233.132 1381.154 1229.316 1373.247 1197.063 1205.302 1193.18 1177.201 1177.263 1185.256 1125.236 
1247.572 265.1611 1247.556 395.4485 1152.924 391.3888 1125.194 549.3553 1160.653 659.647 1342.104 403.3242 1432.822 557.1218 1436.606 715.0596 1235.461 695.2047 1180.179 687.3143 1121.202 908.2242 1042.263 1144.881 1286.795 699.1813 1278.785 932.0559 1306.429 1160.556 1235.575 237.7707 1275.065 241.5573 1207.953 261.396 1306.679 265.4254 1227.657 1196.179 1251.471 1207.953 1318.458 1184.315 1006.858 1207.945 990.9884 1188.185 1050.177 1160.597 
1300.222 249.0247 1300.078 387.8589 1195.155 387.9554 1094.343 556.0137 1090.055 724.0672 1401.114 387.7959 1501.901 556.1057 1426.36 698.9866 1329.516 686.4111 1266.556 694.6957 1291.77 980.601 1258.127 1245.486 1392.58 682.1037 1430.681 942.8054 1577.634 1178.221 1283.335 223.8481 1325.453 223.8329 1249.634 253.2529 1358.946 249.2612 1607.11 1253.904 1632.217 1232.834 1581.822 1190.915 1287.474 1295.926 1253.822 1295.926 1258.047 1262.432 
