237.4631 169.6565 240.1832 179.7555 228.2892 182.4895 90.88413 84.47451 98.18774 99.12311 253.0451 178.821 149.4856 80.78137 0 0 0 0 0 0 0 0 0 0 0 0 0 0 0 0 235.593 165.9744 239.3095 165.1028 230.1029 169.6286 245.6948 165.1131 0 0 0 0 0 0 0 0 0 0 0 0 
716.7662 301.13 710.9014 393.2986 601.0743 387.5009 566.4091 531.9373 624.1381 612.6569 843.3068 404.8785 941.6732 526.0121 774.2469 532.0298 653.1005 687.6777 566.4283 670.4338 0 0 0 0 745.3594 693.3936 0 0 0 0 704.9261 260.6481 768.4392 272.1606 664.48 255.0887 849.0597 301.1017 0 0 0 0 0 0 0 0 0 0 0 0 
750.4182 315.252 744.3176 411.7812 629.2996 405.6999 593.1824 562.822 647.4436 641.3561 882.9935 423.9763 1009.957 556.889 810.6082 557.0158 695.8586 707.8415 599.165 701.7888 0 0 0 0 792.4149 713.9222 901.2532 592.9338 0 0 737.9357 272.8378 804.5511 279.089 689.7305 272.8734 888.9922 315.1841 0 0 0 0 0 0 0 0 0 0 0 0 
656.9512 275.9884 656.6176 360.6793 545.7559 355.3134 524.4374 503.4014 566.687 561.5112 773.1453 381.7246 804.8738 550.9453 693.6184 514.0099 582.749 651.4428 498.1632 625.0278 0 0 0 0 683.1185 614.3344 794.3336 524.2651 0 0 640.8387 238.8581 704.3117 244.343 603.7115 238.8777 778.3731 275.8845 0 0 0 0 0 0 0 0 0 0 0 0 
657.2477 276.071 657.3757 360.9603 567.0536 355.6688 530.1092 503.6959 572.5822 535.6 773.528 371.4904 784.3434 556.5974 694.055 514.3334 609.5989 657.1315 524.7773 641.2699 0 0 0 0 699.5419 667.8155 794.8336 524.5951 0 0 636.0704 239.0793 699.7321 244.3401 609.391 244.3965 768.231 270.9336 0 0 0 0 0 0 0 0 0 0 0 0 
658.5944 276.7154 653.0765 361.4356 531.2115 345.644 531.0256 494.0405 589.5978 573.7024 775.1794 387.9154 828.1547 552.4016 695.4318 515.2654 610.8167 658.4442 525.8257 642.5509 0 0 0 0 700.9393 669.1495 796.4213 525.6431 0 0 647.7249 239.4414 706.1863 255.4772 605.3745 234.2022 775.0684 276.8723 0 0 0 0 0 0 0 0 0 0 0 0 
578.9984 415.8991 275.177 27.18853 310.8431 27.19598 308.6221 234.9359 339.9659 360.0201 237.1928 22.73639 348.8579 232.6977 292.9488 217.0542 255.0383 326.5118 257.2664 331.0365 275.1024 549.9364 150.0943 706.3363 223.7838 306.4152 272.9423 543.2192 0 0 574.45 406.9507 583.4444 404.7624 561.1083 415.8186 599.1286 404.7169 0 0 0 0 0 0 147.805 717.486 0 0 141.1085 710.7822 
609.947 72.90675 500.0354 150.3201 550.0705 145.3176 589.8815 285.1249 689.8394 427.5001 435.0993 162.7547 327.6665 250.2745 412.6577 342.6003 512.5502 450.0589 547.4622 450.0918 590.0165 637.4075 574.9383 912.2611 480.0475 450.0314 554.9558 652.4049 370.0832 667.3818 607.4916 50.48573 652.4091 452.6064 569.9778 50.32856 669.9471 452.5555 255.2394 629.9756 0 0 347.6701 679.8843 602.4503 912.2529 0 0 604.9102 912.2541 
787.1418 154.1527 687.3875 215.743 733.4036 215.8313 748.7918 356.6346 820.5061 477.085 646.2175 213.1814 582.2753 366.9515 492.5001 413.0374 697.4875 515.573 746.1982 515.5443 843.5792 728.21 902.5882 915.3466 646.3034 518.1372 679.6086 730.8539 623.1562 935.906 787.2437 133.7686 669.3444 464.3552 764.1921 128.4916 687.3377 464.303 261.865 646.3286 0 0 612.9512 935.9431 953.759 910.1506 948.6778 912.8246 907.6184 935.9207 
1002.727 184.8573 889.6702 253.8545 933.7712 256.6057 952.9761 427.1743 1041.177 534.5809 842.9536 253.6697 798.8368 407.9741 529.0828 443.7177 892.4423 553.8417 928.2911 556.6284 980.5255 779.6605 953.0717 1005.415 851.2368 545.6398 933.7069 741.0696 870.4376 914.5804 999.8522 162.7979 719.0631 498.8474 955.7639 154.6347 738.393 498.7913 856.7524 977.8942 853.9604 977.8017 848.3998 964.0864 950.3445 1005.466 958.581 1005.437 947.5255 1005.468 
1116.147 188.9164 1035.393 281.6977 1026.43 290.6451 1056.304 437.1446 1146.035 467.2227 1041.424 275.7554 888.8325 437.0939 574.7661 482.0301 1059.326 580.7416 1053.27 583.7512 1083.197 802.0963 1023.44 1041.427 1065.333 580.6942 1086.168 796.1049 1068.32 969.4976 1092.22 170.9197 1128.055 173.9463 1038.417 180.1225 802.149 541.8591 1140.074 1017.377 1137.104 1008.427 1062.193 975.5344 1077.261 1065.344 1050.305 1071.325 1008.425 1059.243 
1203.631 232.8251 1155.889 353.8941 1082.668 344.3525 1031.756 493.8563 1146.352 567.0703 1229.127 366.5426 1232.384 497.0486 1299.149 557.5032 1133.64 653.068 1085.896 653.0521 1082.783 853.6282 1066.838 1076.388 1181.363 653.0853 1178.187 856.8195 1130.342 1057.162 1181.257 213.8015 1210.129 213.6684 1136.817 236.032 1232.142 217.0311 1210.195 1089.18 1206.959 1079.647 1108.252 1073.195 1095.478 1130.323 1069.962 1127.297 1057.304 1085.908 
1230.134 259.3139 1202.952 395.8167 1104.24 392.3344 1080.294 542.1965 1097.289 688.4924 1291.503 405.9153 1311.976 559.2206 1427.778 555.7463 1186.097 695.3428 1131.361 692.0086 1076.796 889.5458 1046.406 1066.682 1247.282 695.4241 1264.128 913.5663 1264.078 1117.757 1213.2 232.3858 1250.673 252.5492 1185.788 252.6997 1267.826 279.8799 1271.159 1158.672 1291.596 1155.122 1243.847 1131.432 1002.008 1127.869 991.812 1107.509 1056.436 1076.812 
1206.861 293.4902 1192.634 437.8128 1087.118 434.2441 1065.728 582.5284 1065.871 720.1754 1280.97 441.4745 1284.541 600.2469 1376.192 614.3948 1189.124 737.7923 1125.76 737.7338 1087.07 931.7569 1083.344 1111.662 1249.244 737.7617 1280.935 956.4779 1309.273 1153.949 1199.73 268.7903 1231.61 289.8052 1171.569 286.2684 1256.215 321.397 1312.671 1199.867 1337.411 1196.198 1305.567 1171.582 1033.992 1168.174 1026.983 1150.505 1090.534 1122.236 
1075.561 332.3901 1115.211 451.4917 1042.962 465.952 1025.114 617.2997 1010.58 736.3082 1198.002 447.7657 1194.408 603.0118 1115.221 732.9127 1165.609 747.2282 1111.425 750.8531 1107.843 967.2409 1107.788 1165.569 1219.783 740.0613 1284.671 956.5264 1331.647 1144.044 1057.452 314.4884 1097.079 310.7968 1082.874 310.8301 1140.41 325.2097 1345.963 1198.083 1367.686 1190.85 1317.278 1162.106 1046.673 1198.231 1043.07 1190.88 1115.17 1180.108 
1066.801 390.262 1158.654 482.0877 1081.548 496.9275 1077.867 651.4317 1040.931 776.2644 1221.465 456.4923 1206.544 629.3787 1099.855 713.7996 1217.4 776.2795 1158.739 776.4143 1133.1 982.1954 1125.749 1184.387 1276.241 772.7051 1313.149 971.3231 1338.945 1169.763 1048.445 368.3927 1074.195 364.5622 1103.785 316.8327 1132.905 346.201 1382.991 1210.3 1390.478 1195.467 1331.608 1191.724 1070.516 1217.74 1066.752 1206.567 1133.226 1195.69 
1224.54 425.9498 1311.859 521.3583 1216.594 552.8353 1220.662 731.7401 1224.423 870.8455 1403.28 497.3001 1442.932 664.1703 1323.893 779.5806 1347.731 819.2059 1284.172 819.2542 1252.227 1057.652 1220.509 1280.017 1411.329 815.2637 1446.87 1061.531 1447.126 1272.098 1208.616 409.952 1244.311 397.8865 1192.852 342.3987 1288.203 382.1448 1498.655 1311.773 1506.528 1292.059 1442.793 1288.167 1156.981 1319.73 1152.994 1307.806 1228.579 1295.977 
1266.182 410.9271 1304.54 506.8255 1208.759 526.0266 1200.993 683.3044 1204.787 821.4274 1396.597 491.5984 1454.05 629.7483 1527.045 748.3321 1327.69 805.9309 1266.308 805.928 1182.024 993.8374 1162.638 1212.609 1392.671 805.926 1411.964 1024.699 1396.78 1231.706 1239.443 387.975 1274.006 380.3843 1216.433 391.8381 1316.113 368.8957 1450.323 1266.267 1454.223 1250.854 1388.999 1247.021 1120.427 1270.227 1112.707 1254.763 1177.986 1231.798 
1259.957 402.6035 1294.101 501.2293 1199.314 505.1578 1199.301 660.6974 1225.844 774.6016 1388.872 497.3845 1442.122 634.0382 1555.665 683.4195 1309.201 800.8491 1248.562 797.1 1168.869 990.6115 1115.724 1195.508 1369.867 800.9056 1385.184 1020.878 1381.313 1218.174 1240.995 379.8408 1282.692 376.0002 1225.803 379.9234 1320.544 364.7444 1434.319 1252.3 1438.1 1233.489 1373.629 1229.77 1123.36 1252.362 1100.55 1241 1115.751 1203.133 
1306.919 422.8023 1318.594 521.5621 1219.936 525.4635 1239.623 699.0141 1279.352 833.1254 1417.305 521.3973 1440.906 667.5303 1500.328 762.2429 1326.488 821.4583 1259.432 821.3947 1212.166 1046.369 1176.569 1247.699 1393.501 821.428 1433.16 1058.122 1437.001 1267.252 1287.101 395.2304 1334.31 395.266 1267.302 395.0831 1369.759 395.1401 1488.292 1302.788 1496.003 1283.218 1429.046 1279.271 1164.639 1302.706 1144.889 1283.228 1180.502 1271.219 
1247.24 443.028 1270.039 512.3281 1173.979 512.387 1150.74 673.949 1154.765 812.3141 1366.178 512.4337 1343.28 673.9379 1281.741 800.8907 1266.406 812.3062 1208.5 812.2924 1170.109 1016.232 1143.281 1220.247 1331.714 812.318 1370.413 1027.725 1400.942 1231.658 1239.257 416.2503 1273.911 416.3438 1212.44 396.9605 1304.94 400.7266 1451.02 1270.036 1458.513 1250.911 1393.24 1247.123 1127.888 1270.238 1108.605 1258.625 1150.852 1243.253 
1286.694 452.2186 1260.286 505.2883 1169.199 501.5232 1119.993 657.0476 1093.39 801.0828 1351.499 512.8038 1347.766 675.8862 1233.885 770.8702 1245.1 804.9036 1176.89 801.2121 1138.852 1013.745 1116.23 1214.857 1309.655 805.016 1351.454 1009.785 1358.941 1207.257 1267.928 433.1227 1302.075 440.6385 1241.407 406.5061 1324.825 429.3752 1438.549 1252.682 1431.12 1233.761 1347.421 1229.952 1047.985 1252.783 1047.897 1233.757 1135.121 1233.703 
1410.225 531.3062 1339.678 572.6365 1244.304 556.2335 1219.573 742.7782 1260.929 892.0869 1426.81 576.9861 1451.781 746.7691 1505.684 904.3887 1310.95 871.2578 1244.462 867.126 1202.816 1086.828 1149.049 1314.853 1381.255 875.2979 1439.222 1103.299 1480.851 1319.031 1406.195 506.3759 1439.027 514.7302 1364.677 456.7298 1472.524 477.4288 1571.758 1368.709 1567.717 1347.992 1472.29 1344.017 1173.917 1368.724 1144.853 1364.596 1145.053 1327.372 
1317.552 529.7611 1244.935 562.2274 1160.124 550.1252 1148.148 723.8583 1256.965 828.827 1333.834 570.2764 1374.137 727.9645 1475.227 852.928 1220.627 861.241 1164.044 865.1452 1139.885 1083.473 1087.436 1289.293 1281.263 861.0864 1346.015 1071.235 1406.571 1285.233 1309.52 501.5197 1337.915 509.676 1269.2 461.2444 1434.85 465.2139 1466.979 1333.607 1467.241 1313.493 1402.336 1309.477 1144.061 1325.666 1119.589 1333.682 1079.219 1305.463 
1330.864 539.2601 1270.355 563.356 1182.121 555.1978 1137.979 719.9288 1133.778 864.7073 1358.82 583.3398 1335.044 752.2365 1366.9 892.8616 1230.398 860.6832 1170.147 856.5887 1137.839 1081.602 1085.627 1278.628 1290.57 868.6611 1342.857 1073.64 1391.129 1290.608 1326.615 523.0063 1354.935 530.9734 1282.511 474.7926 1427.344 462.7805 1431.431 1326.67 1439.296 1302.908 1371.124 1306.811 1138.008 1318.688 1109.854 1322.812 1073.662 1298.58 
1430.942 581.8851 1336.209 590.1148 1261.847 573.4801 1187.708 734.2743 1154.715 874.6813 1422.691 610.8947 1430.881 767.2042 1443.316 907.3062 1270.245 882.773 1216.483 878.56 1167.21 1101.053 1113.495 1307.154 1331.994 894.9938 1393.628 1101.135 1430.646 1319.643 1430.944 561.2081 1451.453 573.671 1393.702 507.6086 1463.943 474.6469 1468.026 1360.694 1476.223 1340.122 1410.286 1340.194 1163.008 1344.334 1134.061 1348.496 1101.268 1327.706 
1450.174 591.336 1353.953 595.6503 1265.835 582.8494 1211.373 754.8445 1223.902 913.7911 1437.614 620.7551 1454.432 788.2127 1496.168 947.3177 1290.822 888.9326 1224.066 888.7496 1186.278 1119.096 1131.695 1328.679 1353.715 897.123 1399.962 1114.972 1450.166 1341.242 1450.17 566.2582 1462.799 583.0396 1395.842 515.9963 1487.943 482.428 1492.094 1383.007 1500.399 1362.113 1429.31 1362.242 1186.013 1366.395 1152.73 1374.653 1119.269 1349.596 
1453.054 593.6253 1368.263 601.9539 1275.214 589.1006 1266.771 775.5381 1359.921 898.1915 1444.52 627.22 1440.36 796.5955 1465.706 957.5722 1300.695 894.2459 1232.982 898.2665 1198.844 1131.308 1139.878 1343.114 1368.278 898.2709 1410.759 1131.225 1465.736 1359.849 1448.785 568.0749 1474.129 585.085 1402.408 521.3523 1503.965 487.623 1508.099 1397.951 1516.588 1376.813 1444.639 1381.074 1198.844 1381.125 1165.199 1389.556 1131.297 1368.252 
1481.144 597.9026 1395.821 606.5254 1310.456 593.5812 1276.261 781.4783 1323.328 934.8209 1481.207 632.0265 1455.5 798.6175 1472.475 956.3384 1319.118 896.5541 1254.953 888.1216 1208.076 1118.548 1178.031 1353.136 1383.168 900.8031 1442.598 1139.669 1476.693 1365.957 1481.035 568.1385 1502.438 589.432 1438.395 521.2255 1515.344 491.3121 1519.475 1408.524 1527.995 1387.247 1455.443 1387.348 1203.832 1408.476 1173.92 1404.326 1173.991 1374.439 
1503.598 601.8494 1421.911 610.5142 1323.394 597.6718 1276.034 786.5129 1284.843 945.254 1499.331 631.9755 1516.475 803.74 1555.168 945.5573 1353.145 902.5267 1284.534 893.9042 1250.346 1117.076 1177.19 1349.074 1417.709 906.8786 1460.566 1142.962 1486.469 1379.159 1499.334 571.9263 1525.288 593.152 1456.456 524.5878 1525.222 494.5148 1529.508 1417.638 1537.971 1392.251 1465.037 1400.57 1211.634 1396.453 1181.517 1396.341 1155.924 1357.705 
1468.205 583.4391 1388.609 587.8561 1300.351 579.2737 1258.496 772.0816 1312.886 918.9861 1472.281 612.8013 1489.152 780.5515 1543.544 923.1827 1325.622 881.1694 1258.527 876.9614 1220.691 1107.599 1149.51 1321.438 1392.536 885.3201 1426.408 1115.907 1455.313 1346.573 1463.995 554.0604 1493.237 562.584 1422.182 499.6989 1489.177 482.8282 1493.407 1384.128 1501.672 1363.226 1434.491 1367.422 1183.038 1379.978 1153.604 1371.746 1132.672 1329.835 
1495.759 589.5974 1406.843 602.1318 1313.705 589.4254 1300.793 788.4304 1339.296 915.634 1499.962 623.398 1483.169 796.8633 1508.469 953.6089 1339.102 894.3835 1267.208 890.1357 1194.937 1102.04 1165.381 1334.985 1406.999 898.6985 1461.93 1131.431 1470.253 1356.114 1487.287 560.0108 1508.66 580.8803 1440.637 517.3892 1504.404 487.7653 1508.504 1394.22 1512.856 1373.208 1449.231 1373.225 1186.633 1394.134 1161.139 1385.757 1161.248 1343.372 
1509.178 599.2322 1415.331 607.6506 1321.206 598.8497 1282.974 787.0864 1317.194 936.6879 1500.755 629.017 1492.201 799.6738 1505.014 953.656 1359.72 902.4512 1291.421 902.2792 1282.95 1128.912 1171.619 1342.462 1423.721 906.5824 1470.704 1137.336 1483.466 1372.439 1500.64 577.587 1522.222 594.5201 1453.554 526.3533 1517.915 492.1457 1522.174 1410.832 1530.68 1389.535 1462.237 1389.668 1205.751 1406.727 1175.823 1393.975 1146.133 1346.884 
1504.817 597.2507 1411.274 610.102 1321.591 597.1207 1274.941 788.9388 1283.284 933.8672 1496.402 631.2459 1500.638 801.6572 1509.135 959.4432 1351.595 904.1061 1291.802 899.8893 1219.405 1138.233 1168.345 1347.236 1415.553 908.2926 1466.438 1134.243 1479.11 1368.428 1496.312 567.5417 1517.795 588.6105 1449.31 524.6507 1513.511 490.718 1517.594 1402.678 1522.088 1385.508 1453.899 1385.664 1193.768 1398.321 1164.019 1389.944 1159.735 1360.03 
1522.525 604.3798 1427.773 621.5902 1328.793 604.4111 1289.93 794.0509 1293.996 944.9534 1514.007 638.6338 1522.49 806.9016 1535.526 966.4352 1388.989 919.0726 1324.369 914.8375 1306.992 1126.079 1173.372 1332.961 1449.281 923.312 1492.265 1143.265 1496.661 1384.533 1513.914 578.47 1535.726 595.5835 1462.367 531.1292 1531.334 496.4964 1535.577 1419.105 1544.174 1397.789 1475.281 1401.894 1216.448 1423.299 1186.148 1410.453 1151.732 1341.492 
1483.836 588.0002 1399.238 604.9617 1302.267 592.1724 1268.417 786.6306 1297.69 930.199 1479.589 621.9782 1479.548 790.9189 1500.488 947.137 1348.606 900.6583 1293.498 896.4842 1251.318 1133.143 1162.765 1335.925 1407.713 900.7948 1462.551 1124.604 1466.781 1356.985 1475.371 558.4725 1504.828 566.9338 1432.948 516.2375 1500.779 486.59 1504.952 1390.858 1513.429 1369.927 1445.804 1374.013 1183.798 1394.934 1158.299 1382.447 1154.196 1348.509 
1547.357 609.9515 1451.086 631.642 1354.681 614.175 1336.988 819.8784 1354.506 964.6123 1538.66 644.9661 1534.221 824.3877 1551.798 986.5354 1389.624 925.2786 1319.5 920.8391 1271.22 1148.659 1183.784 1376.478 1455.488 929.685 1516.602 1161.76 1521.007 1407.074 1534.291 583.3863 1560.589 596.6725 1486.095 539.5601 1556.24 504.5717 1560.434 1446.415 1569.265 1424.682 1499.267 1424.698 1227.468 1442.114 1196.756 1433.507 1174.809 1385.174 
1523.029 604.2762 1428.142 617.4948 1333.324 604.4819 1298.776 798.5862 1329.013 949.4524 1505.915 634.7437 1518.681 807.0916 1536.211 962.4059 1389.285 914.9676 1320.347 914.8705 1320.207 1152.096 1182.268 1350.513 1453.933 915.0815 1492.864 1151.984 1497.075 1380.73 1510.169 570.2258 1536.056 587.3005 1462.704 531.0433 1531.757 496.6338 1535.846 1419.574 1544.546 1402.248 1475.646 1402.209 1208.186 1423.74 1182.208 1410.855 1156.469 1358.975 
1543.243 604.9785 1439.29 626.5684 1347.832 609.3245 1304.651 808.977 1330.454 961.1922 1534.763 639.6592 1538.977 813.3572 1543.402 974.1504 1386.909 921.96 1317.457 917.6343 1230.479 1139.324 1195.595 1369.706 1447.986 922.1616 1508.486 1156.649 1508.536 1391.378 1538.912 578.7469 1552.209 591.8118 1478.147 535.3391 1543.521 500.448 1547.856 1430.465 1556.485 1412.969 1486.945 1413.045 1208.817 1434.649 1182.691 1426.056 1191.413 1378.359 
1597.678 639.4252 1493.985 657.5192 1408.571 630.6716 1350.443 837.4117 1372.66 990.4869 1579.656 671.0329 1592.91 842.061 1597.39 999.3809 1426.81 949.9019 1363.739 949.7089 1345.732 1197.148 1237.539 1413.177 1494.185 954.2752 1543.638 1192.689 1561.389 1440.147 1597.618 621.3291 1611.186 626.1501 1539.187 558.3986 1597.693 518.0117 1602.122 1480.664 1611.046 1458.358 1539.053 1462.58 1260.14 1484.989 1233.127 1471.607 1215.249 1417.731 
1551.665 612.426 1450.844 638.4619 1363.696 612.3112 1315.724 813.1008 1346.064 961.7082 1538.31 651.7499 1525.319 830.6579 1547.073 992.1592 1385.503 931.2596 1319.943 926.9767 1276.246 1171.573 1201.815 1385.478 1450.968 935.5676 1507.773 1166.967 1516.361 1398.621 1551.586 586.1623 1569.08 607.6891 1503.422 537.9668 1551.595 503.0656 1555.857 1437.936 1564.54 1416.3 1494.664 1420.393 1215.236 1442.321 1188.913 1437.917 1188.894 1402.926 
237.4631 169.6565 240.1832 179.7555 228.2892 182.4895 90.88413 84.47451 98.18774 99.12311 253.0451 178.821 149.4856 80.78137 122.9281 84.45798 0 0 0 0 0 0 0 0 0 0 0 0 0 0 235.593 165.9744 239.3095 165.1028 230.1029 169.6286 245.6948 165.1131 0 0 0 0 0 0 0 0 0 0 0 0 
735.4674 308.9923 729.3504 403.5496 610.8806 397.6574 581.1489 545.7953 640.5325 634.4415 859.5966 409.7732 972.0018 533.9465 800.3298 545.8342 681.8824 699.7704 587.1518 687.9161 0 0 0 0 770.76 705.6279 0 0 0 0 723.3352 267.4545 788.5137 279.233 681.8045 261.7746 871.2059 308.9207 0 0 0 0 0 0 0 0 0 0 0 0 
469.9149 337.4908 471.6551 355.6851 448.1322 357.4482 177.9473 167.1269 196.0682 194.2652 498.8785 355.6087 297.6097 167.1197 243.2514 167.1521 205.1795 217.8782 177.9523 212.436 0 0 0 0 234.1813 219.6878 0 0 0 0 466.2631 328.4819 475.2994 328.494 455.3759 333.8838 486.2621 330.2462 0 0 0 0 0 0 0 0 0 0 0 0 
656.9512 275.9884 656.6176 360.6793 545.7559 355.3134 524.4374 503.4014 566.687 561.5112 773.1453 381.7246 804.8738 550.9453 693.6184 514.0099 582.749 651.4428 498.1632 625.0278 0 0 0 0 688.3907 614.5967 794.3145 524.2791 0 0 640.8387 238.8581 704.3117 244.343 603.7115 238.8777 778.3731 275.8845 0 0 0 0 0 0 0 0 0 0 0 0 
664.1546 279.0193 674.7708 369.8941 578.5439 364.5242 541.1199 525.0468 578.5878 573.1769 781.7072 380.6385 664.1626 541.0757 573.2224 551.7444 616.0563 664.0923 530.3362 648.0627 0 0 0 0 706.952 674.8896 803.2338 530.1661 0 0 642.698 241.6019 707.1381 247.0379 610.6604 252.2941 781.8826 279.0356 0 0 0 0 0 0 0 0 0 0 0 0 
480.1805 344.9344 482.0657 363.508 459.7715 365.3371 187.437 181.8695 200.4154 198.5411 511.6182 363.3913 230.0574 187.4217 198.5569 191.1172 213.394 230.0331 183.7017 224.4807 0 0 0 0 244.8791 233.7731 278.2299 183.6428 0 0 474.6263 337.4987 483.8824 335.7015 465.3416 343.0585 496.868 335.6931 0 0 0 0 0 0 0 0 0 0 0 0 
592.0542 425.2772 258.5428 4.926702 290.4951 4.928566 276.7761 189.98 299.5974 347.6094 630.8971 448.0331 283.6523 231.084 244.8132 235.6404 237.9538 304.2194 240.2609 320.1826 260.8003 562.3413 137.4806 738.2127 231.1066 306.4687 267.6533 555.4726 0 0 587.4033 416.1271 596.6005 413.8894 573.7608 425.1949 612.6384 413.8429 0 0 0 0 0 0 132.8605 740.5305 153.4323 724.5202 130.5751 740.5323 
564.7576 40.53786 449.0319 101.996 498.569 99.55307 529.3624 255.3662 614.2623 368.7229 401.8458 104.3661 288.4991 212.8388 366.3979 302.6758 458.4686 401.8475 489.1951 404.1626 515.1264 616.7234 557.6915 862.3478 420.7482 401.7925 503.3366 607.2478 302.6686 616.682 557.7064 6.238831 616.7177 427.8456 486.8315 6.270397 633.2963 427.7975 0 0 0 0 0 0 604.8545 843.3761 158.606 748.9508 564.7672 862.3606 
787.1418 154.1527 687.3875 215.743 733.4036 215.8313 748.7918 356.6346 820.5061 477.085 646.2175 213.1814 582.2753 366.9515 551.4804 441.1935 697.4875 515.573 746.1982 515.5443 843.5792 728.21 902.5882 915.3466 646.3034 518.1372 679.6086 730.8539 623.1562 935.906 787.2437 133.7686 669.3444 464.3552 764.1921 128.4916 687.3377 464.303 0 0 0 0 612.9512 935.9431 953.759 910.1506 948.6778 912.8246 907.6184 935.9207 
996.1207 187.6602 872.45 256.3688 927.4049 267.2183 935.7166 426.8322 1023.676 542.3159 825.6516 253.588 778.9844 415.8651 591.9099 473.5378 886.1323 556.0566 921.9459 556.0663 979.6299 781.5885 952.1409 982.4638 842.1426 553.3429 910.8555 759.7485 847.7218 902.6762 985.1871 165.5323 718.4146 498.3974 941.2702 162.7469 737.727 498.3414 839.4075 977.0569 828.3999 977.0276 828.4008 932.9733 998.9467 976.9675 982.4904 1004.483 938.4823 1004.517 
1105.998 178.4245 1020.106 273.071 1014.115 276.1098 1046.755 424.3318 1138.583 465.8511 1028.907 267.2216 866.0279 436.2586 637.7765 510.2318 1037.903 572.5427 1032.037 575.5212 1070.423 797.7422 1020.026 1040.833 1049.712 572.509 1073.452 791.762 1058.553 960.7867 1082.324 157.6159 1114.934 163.5103 1028.89 175.3062 794.8929 536.9575 1123.828 1005.173 1120.785 993.348 1049.726 969.7109 1061.542 1055.697 1034.896 1082.316 1002.338 1052.674 
1256.961 239.9395 1207.096 366.2658 1134.006 359.5566 1080.896 515.8685 1207.131 585.6248 1270.343 382.6832 1273.653 522.453 1333.51 592.1725 1183.925 665.3697 1144.033 665.374 1153.867 888.0936 1120.735 1127.425 1230.351 665.329 1230.326 891.4194 1180.404 1104.045 1230.486 223.3058 1263.629 223.0882 1183.916 246.486 891.4709 602.1968 1266.944 1137.409 1260.432 1127.517 1157.478 1120.768 1157.343 1180.58 1130.655 1180.572 1104.151 1144.015 
1283.27 261.8426 1241.612 401.3114 1154.128 383.9697 1126.257 540.7923 1164.849 680.0735 1342.446 408.3334 1373.894 568.8069 1492.514 568.8518 1231.014 701.1241 1164.802 694.1813 1126.25 920.7413 1094.991 1119.378 1293.62 704.6476 1290.285 931.3114 1265.719 1147.24 1265.982 234.2085 1304.258 241.1429 1237.753 248.0755 1325.045 269.0829 1321.679 1192.732 1325.048 1182.266 1241.378 1161.221 1067.053 1182.138 1046.17 1164.714 1101.987 1129.856 
1254.083 296.8945 1228.708 444.8201 1131.318 434.0969 1109.568 593.0977 1109.39 733.9889 1322.681 448.5199 1340.865 603.8062 1434.646 618.1777 1224.974 744.7968 1163.699 744.7388 1120.391 939.8293 1109.473 1134.899 1283.01 748.3299 1315.416 972.3843 1340.935 1174.631 1243.257 271.6752 1282.856 285.9156 1214.325 286.0129 1304.563 318.4981 1344.358 1228.911 1369.712 1225.138 1337.066 1196.246 1058.942 1199.848 1051.706 1181.872 1116.853 1145.654 
1070.57 325.0324 1102.591 442.9414 1027.671 453.4995 1013.386 606.7808 1006.135 724.5693 1184.51 442.6521 1181.004 603.3014 1127.501 720.8492 1152.39 738.7794 1095.502 742.3329 1095.276 952.8379 1095.167 1148.812 1209.374 735.1984 1270.131 945.6285 1319.893 1141.77 1066.754 300.2754 1095.522 303.6568 1091.793 307.3011 1138.19 318.0392 1330.832 1184.717 1352.232 1180.875 1302.276 1156.073 1038.291 1184.451 1034.765 1173.804 1102.466 1159.597 
1052.922 375.7061 1143.906 473.9689 1067.57 485.0389 1063.911 648.6763 1023.802 765.3706 1209.422 452.0429 1180.463 626.8774 1074.857 710.7875 1198.582 768.9442 1144.053 772.5248 1122.176 976.4785 1118.354 1173.099 1256.836 765.3461 1297.116 969.1981 1326.164 1151.454 1034.925 364.6008 1063.763 357.4309 1114.883 313.8 1118.641 335.8473 1362.561 1198.617 1377.112 1180.591 1322.297 1176.628 1060.227 1209.464 1056.531 1198.561 1125.782 1187.705 
1147.388 401.7804 1222.363 491.6427 1139.881 517.7784 1150.966 690.1266 1139.88 821.2908 1308.571 465.5047 1334.797 630.2523 1229.841 727.748 1270.932 787.6851 1211.051 791.4224 1177.447 1001.077 1151.088 1207.309 1330.906 783.9127 1361.175 1001.235 1364.942 1196.119 1124.993 386.7131 1154.927 375.3721 1147.403 322.9533 1210.984 356.7382 1413.515 1237.197 1420.941 1218.595 1360.865 1214.898 1091.318 1244.729 1091.014 1229.903 1158.7 1222.354 
1266.182 410.9271 1304.54 506.8255 1208.759 526.0266 1200.993 683.3044 1204.787 821.4274 1396.597 491.5984 1454.05 629.7483 1527.045 748.3321 1327.69 805.9309 1266.308 805.928 1182.024 993.8374 1162.638 1212.609 1392.671 805.926 1411.964 1024.699 1396.78 1231.706 1239.443 387.975 1274.006 380.3843 1216.433 391.8381 1316.113 368.8957 1450.323 1266.267 1454.223 1250.854 1388.999 1247.021 1120.427 1270.227 1112.707 1254.763 1177.986 1231.798 
1258.977 402.3518 1293.156 500.8604 1198.441 504.8263 1198.421 663.9138 1224.634 773.9346 1387.88 496.9776 1448.508 629.7588 1562.249 686.6102 1311.939 800.2718 1251.331 796.5726 1168.009 989.9163 1114.893 1194.588 1372.627 800.3098 1384.112 1020.129 1380.24 1220.898 1239.994 379.663 1281.661 375.7553 1224.851 379.7781 1319.492 364.5074 1433.163 1251.312 1436.959 1232.534 1372.589 1232.357 1122.434 1251.397 1099.643 1240.001 1114.967 1205.817 
1311.277 419.1812 1331.048 521.8793 1228.409 525.8083 1244.12 699.362 1283.864 833.6839 1429.72 521.7109 1441.794 663.8439 1528.498 746.9574 1334.903 821.8546 1267.897 825.7017 1212.849 1046.918 1177.158 1248.337 1398.224 821.8174 1433.933 1058.581 1437.741 1267.848 1291.674 391.6879 1335.068 391.6696 1271.896 395.3184 1370.642 391.6199 1489.059 1303.423 1496.78 1283.85 1429.778 1279.917 1165.254 1303.359 1145.467 1283.878 1181.081 1271.88 
1235.766 426.3068 1254.665 502.4653 1159.76 506.1082 1140.79 665.6996 1171.231 802.4849 1346.03 502.3759 1345.9 662.0007 1315.606 802.6802 1258.577 802.4398 1201.45 798.7971 1159.691 1007.74 1133.023 1205.365 1319.204 802.4628 1357.398 1015.347 1384.035 1213.048 1224.369 407.1252 1258.622 407.2181 1197.806 384.5008 1289.159 388.2428 1433.313 1251.023 1437.28 1235.724 1376.446 1232.024 1117.968 1254.81 1098.957 1243.337 1136.889 1228.085 
1265.182 452.5765 1261.398 505.7265 1170.127 501.9691 1128.414 657.5638 1094.379 798.1632 1352.714 513.2776 1348.628 676.6175 1230.892 767.7309 1253.724 805.6283 1189.218 801.9665 1140.022 1018.301 1120.926 1215.792 1314.577 805.6818 1356.335 1010.798 1360.174 1204.602 1257.617 433.4143 1288.155 437.4301 1231.179 403.241 1322.296 414.554 1439.77 1253.733 1432.333 1234.801 1348.604 1230.877 1052.539 1253.859 1048.897 1234.781 1136.132 1231.172 
1363.678 500.4193 1295.767 544.2714 1203.799 532.2963 1171.837 704.1407 1203.714 860.0046 1387.631 556.0933 1415.469 716.1505 1427.478 863.9183 1283.595 844.0244 1223.563 843.8498 1163.534 1055.787 1127.756 1267.604 1343.527 844.1084 1391.59 1067.627 1427.63 1271.685 1359.696 476.2747 1391.357 492.3957 1323.534 432.4768 1411.413 460.1222 1515.337 1319.52 1511.383 1299.568 1419.361 1295.737 1127.791 1319.582 1099.926 1307.679 1131.654 1287.54 
1339.749 535.3957 1266.224 572.0953 1184.515 559.9438 1180.54 735.6412 1282.527 845.7117 1352.158 580.3569 1396.898 735.7667 1507.07 861.8979 1233.706 870.3278 1176.503 870.2983 1151.882 1094.917 1098.924 1302.946 1294.997 870.2596 1364.178 1070.41 1445.733 1298.963 1327.605 506.8472 1356.114 515.1815 1286.823 466.0027 1441.709 469.9989 1507.061 1339.802 1511.076 1323.496 1421.588 1323.418 1156.137 1339.672 1127.609 1347.787 1090.649 1319.27 
1352.437 543.9454 1283.208 572.5175 1193.256 564.3618 1156.383 727.5633 1156.714 866.709 1368.935 584.8123 1356.874 764.3165 1397.526 903.4544 1250.378 870.7159 1189.116 866.673 1156.429 1095.377 1099.497 1299.516 1307.607 874.7294 1360.811 1091.085 1413.877 1311.732 1336.287 523.5397 1368.834 535.6511 1291.426 478.6057 1442.315 470.1964 1454.833 1348.39 1462.868 1327.983 1397.421 1328.215 1160.477 1336.245 1128.088 1344.398 1091.181 1319.828 
1430.498 581.6924 1335.883 589.9359 1261.604 573.4321 1191.529 734.1362 1146.3 874.2684 1418.309 610.6578 1410.022 771.1771 1434.65 911.3398 1269.991 882.6104 1212.259 874.4645 1166.993 1100.894 1113.303 1303.067 1331.759 894.89 1389.349 1100.865 1430.386 1319.303 1430.504 557.0876 1443.009 573.5963 1389.328 507.4653 1455.234 474.4079 1467.69 1360.419 1471.98 1336.07 1410.041 1336.025 1162.754 1344.096 1133.815 1348.244 1101.074 1323.539 
1394.258 566.9324 1301.937 571.061 1225.639 558.7501 1153.333 719.5942 1141.433 876.2616 1382.352 595.2201 1398.234 755.7242 1430.528 904.2665 1237.852 864.1363 1181.572 856.1652 1137.319 1073.087 1085.063 1273.824 1298.062 872.1697 1350.134 1072.971 1390.376 1285.879 1394.283 542.9156 1410.346 559.0011 1350.211 494.6369 1418.347 462.3828 1430.529 1325.954 1438.531 1305.913 1374.208 1306.007 1133.334 1309.989 1105.12 1314.046 1073.162 1293.86 
1449.361 593.838 1368.629 602.1115 1271.55 585.288 1267.098 775.8521 1351.87 898.5912 1441.015 627.4556 1440.898 792.8326 1470.441 953.7687 1300.947 894.3769 1233.22 894.4124 1199.206 1131.648 1140.234 1347.557 1368.603 894.4467 1411.196 1131.58 1466.232 1360.294 1445.137 568.2541 1474.524 585.3101 1402.775 521.5286 1495.767 487.6217 1508.625 1398.4 1517.086 1377.25 1445.123 1381.49 1199.224 1381.548 1165.551 1389.974 1131.667 1368.69 
1506.645 608.277 1411.332 621.3985 1328.938 603.834 1298.396 795.0153 1372.099 933.9108 1506.6 643.2667 1476.457 816.8348 1476.701 981.5505 1337.479 912.166 1268.077 907.8555 1228.969 1150.88 1198.48 1376.619 1402.656 916.4701 1450.384 1150.912 1502.357 1389.69 1502.52 578.0109 1519.786 599.7045 1454.756 530.2199 1532.767 499.6837 1545.918 1433.024 1554.55 1411.35 1480.764 1411.413 1224.764 1428.681 1194.362 1424.417 1194.344 1398.286 
1480.353 594.1625 1403.783 602.8051 1306.446 590.0621 1263.864 776.5555 1268.46 929.295 1480.281 627.9749 1484.468 793.4405 1514.32 933.3163 1336.001 895.0474 1268.264 882.5523 1204.71 1103.132 1149.552 1336.007 1399.764 899.3628 1442.035 1128.436 1467.535 1361.557 1476.205 564.6311 1505.732 585.5924 1437.83 517.8651 1497.087 488.0521 1510.049 1399.554 1518.384 1374.485 1446.356 1382.692 1192.026 1382.729 1162.19 1382.74 1136.92 1344.531 
1471.527 583.1227 1387.652 591.4365 1295.453 578.9374 1253.706 771.6999 1299.624 918.3131 1467.177 612.4481 1488.249 784.1353 1546.895 922.749 1324.792 884.7768 1257.767 880.6208 1224.231 1106.957 1148.789 1320.481 1391.659 884.9326 1425.563 1115.314 1454.438 1345.775 1467.266 553.7563 1492.48 562.2134 1421.347 503.4895 1479.722 482.3911 1492.552 1383.289 1500.768 1358.536 1429.667 1366.665 1182.337 1379.154 1152.928 1370.875 1127.926 1324.934 
1487.588 589.5447 1406.968 602.1796 1313.954 589.4183 1296.75 784.3101 1339.49 919.8809 1495.918 623.5526 1500.123 796.9744 1521.431 945.3229 1339.335 894.4565 1271.39 886.0911 1195.299 1119.072 1169.688 1339.375 1407.165 898.7661 1453.593 1127.359 1470.414 1356.28 1479.225 559.9097 1508.755 572.5814 1440.776 513.218 1495.915 487.67 1508.701 1394.415 1513.066 1373.405 1449.381 1377.365 1186.815 1390.119 1161.288 1381.735 1169.83 1356.221 
238.597 170.4594 239.5339 180.6198 228.4457 182.4209 91.30054 84.87134 99.55247 98.63161 254.2175 180.5577 151.1329 80.24934 0 0 0 0 0 0 0 0 0 0 0 0 0 0 0 0 236.7444 166.7568 241.3305 165.9047 231.2368 168.6224 246.878 166.7897 0 0 0 0 0 0 0 0 0 0 0 0 
237.5821 170.6248 239.4279 180.7603 227.4828 184.3952 90.93188 84.51889 98.23933 99.17518 254.0833 179.8099 149.5641 80.82381 0 0 0 0 0 0 0 0 0 0 0 0 0 0 0 0 234.8255 166.0693 240.3225 165.1974 230.2247 168.8372 245.8405 166.0688 0 0 0 0 0 0 0 0 0 0 0 0 
5471.652 2650.966 5471.689 2729.41 5409.332 2745.284 5409.143 2915.993 5425.944 2916.414 5549.742 2714.232 5658.641 2869.464 2106.225 1420.705 5518.864 3025.678 5456.43 3040.829 0 0 0 0 5549.82 3025.453 0 0 0 0 5440.618 2604.812 5502.685 2589.469 5424.959 2636.069 5534.238 2620.111 0 0 0 0 0 0 0 0 0 0 0 0 
469.9197 337.5097 471.6536 355.7014 448.1234 357.4589 177.9511 167.1306 196.0724 194.2695 498.8871 355.6226 297.6162 167.1234 245.0534 167.1293 205.1839 217.8829 177.9562 212.4406 0 0 0 0 234.1864 219.6926 0 0 0 0 466.2677 328.4996 475.3031 328.5117 455.3766 333.8859 486.2687 330.2617 0 0 0 0 0 0 0 0 0 0 0 0 
765.5566 321.6196 759.0178 420.0585 629.6534 414.0055 605.1078 580.3558 666.6774 642.0626 894.703 426.3836 1018.044 555.736 820.7903 567.9004 709.8515 716.0022 611.2363 715.8621 0 0 0 0 802.2065 722.1094 919.5607 605.1359 0 0 746.8412 278.3572 820.7312 290.6183 703.501 278.4823 906.8698 321.478 0 0 0 0 0 0 0 0 0 0 0 0 
NaN NaN NaN NaN NaN NaN NaN NaN NaN NaN NaN NaN NaN NaN NaN NaN NaN NaN NaN NaN NaN NaN NaN NaN NaN NaN NaN NaN NaN NaN NaN NaN NaN NaN NaN NaN NaN NaN NaN NaN NaN NaN NaN NaN NaN NaN NaN NaN NaN NaN 
236.5214 169.8975 236.5543 184.5049 221.9378 183.6098 0 0 0 0 252.0462 181.7849 0 0 0 0 0 0 0 0 0 0 0 0 0 0 0 0 0 0 233.8004 165.3559 238.391 165.3641 229.2402 168.0747 245.6681 167.1807 0 0 0 0 0 0 0 0 0 0 0 0 
236.5214 169.8975 236.5543 184.5049 221.9378 183.6098 0 0 0 0 252.0462 181.7849 0 0 0 0 0 0 0 0 0 0 0 0 0 0 0 0 0 0 233.8004 165.3559 238.391 165.3641 229.2402 168.0747 245.6681 167.1807 0 0 0 0 0 0 0 0 0 0 0 0 
236.5214 169.8975 236.5543 184.5049 221.9378 183.6098 0 0 0 0 252.0462 181.7849 0 0 0 0 0 0 0 0 0 0 0 0 0 0 0 0 0 0 233.8004 165.3559 238.391 165.3641 229.2402 168.0747 245.6681 167.1807 0 0 0 0 0 0 0 0 0 0 0 0 
236.5214 169.8975 236.5543 184.5049 221.9378 183.6098 0 0 0 0 252.0462 181.7849 0 0 0 0 0 0 0 0 0 0 0 0 0 0 0 0 0 0 233.8004 165.3559 238.391 165.3641 229.2402 168.0747 245.6681 167.1807 0 0 0 0 0 0 0 0 0 0 0 0 
236.5214 169.8975 236.5543 184.5049 221.9378 183.6098 0 0 0 0 252.0462 181.7849 0 0 0 0 0 0 0 0 0 0 0 0 0 0 0 0 0 0 233.8004 165.3559 238.391 165.3641 229.2402 168.0747 245.6681 167.1807 0 0 0 0 0 0 0 0 0 0 0 0 
236.5214 169.8975 236.5543 184.5049 221.9378 183.6098 0 0 0 0 252.0462 181.7849 0 0 0 0 0 0 0 0 0 0 0 0 0 0 0 0 0 0 233.8004 165.3559 238.391 165.3641 229.2402 168.0747 245.6681 167.1807 0 0 0 0 0 0 0 0 0 0 0 0 
236.5214 169.8975 236.5543 184.5049 221.9378 183.6098 0 0 0 0 252.0462 181.7849 0 0 0 0 0 0 0 0 0 0 0 0 0 0 0 0 0 0 233.8004 165.3559 238.391 165.3641 229.2402 168.0747 245.6681 167.1807 0 0 0 0 0 0 0 0 0 0 0 0 
236.5214 169.8975 236.5543 184.5049 221.9378 183.6098 0 0 0 0 252.0462 181.7849 0 0 0 0 0 0 0 0 0 0 0 0 0 0 0 0 0 0 233.8004 165.3559 238.391 165.3641 229.2402 168.0747 245.6681 167.1807 0 0 0 0 0 0 0 0 0 0 0 0 
236.5214 169.8975 236.5543 184.5049 221.9378 183.6098 0 0 0 0 252.0462 181.7849 0 0 0 0 0 0 0 0 0 0 0 0 0 0 0 0 0 0 233.8004 165.3559 238.391 165.3641 229.2402 168.0747 245.6681 167.1807 0 0 0 0 0 0 0 0 0 0 0 0 
236.5214 169.8975 236.5543 184.5049 221.9378 183.6098 0 0 0 0 252.0462 181.7849 0 0 0 0 0 0 0 0 0 0 0 0 0 0 0 0 0 0 233.8004 165.3559 238.391 165.3641 229.2402 168.0747 245.6681 167.1807 0 0 0 0 0 0 0 0 0 0 0 0 
238.2024 170.1814 239.0959 181.1992 228.0548 182.1224 0 0 0 0 252.893 180.2663 0 0 0 0 0 0 0 0 0 0 0 0 0 0 0 0 0 0 237.2225 166.486 240.9353 166.4947 230.8306 169.2554 247.3664 167.4223 0 0 0 0 0 0 0 0 0 0 0 0 
238.2024 170.1814 239.0959 181.1992 228.0548 182.1224 0 0 0 0 252.893 180.2663 0 0 0 0 0 0 0 0 0 0 0 0 0 0 0 0 0 0 237.2225 166.486 240.9353 166.4947 230.8306 169.2554 247.3664 167.4223 0 0 0 0 0 0 0 0 0 0 0 0 
263.7328 110.7928 261.5673 146.91 216.9495 146.8842 210.6083 197.8554 0 0 312.3916 153.2277 348.5467 195.7171 284.8833 195.7295 0 0 0 0 0 0 0 0 0 0 0 0 0 0 257.2372 95.94819 282.7544 100.1398 240.2642 98.04504 310.3437 110.739 0 0 0 0 0 0 0 0 0 0 0 0 
263.7328 110.7928 261.5673 146.91 216.9495 146.8842 210.6083 197.8554 0 0 312.3916 153.2277 348.5467 195.7171 284.8833 195.7295 0 0 0 0 0 0 0 0 0 0 0 0 0 0 257.2372 95.94819 282.7544 100.1398 240.2642 98.04504 310.3437 110.739 0 0 0 0 0 0 0 0 0 0 0 0 
263.7078 110.8045 261.5771 146.8926 219.0504 146.8545 210.6505 197.8283 0 0 310.3957 153.2224 348.5869 195.7397 284.9161 195.7521 0 0 0 0 0 0 0 0 0 0 0 0 0 0 257.3094 95.96755 282.7746 100.1372 242.4383 98.06946 310.3788 110.7504 0 0 0 0 0 0 0 0 0 0 0 0 
263.7078 110.8045 261.5771 146.8926 219.0504 146.8545 210.6505 197.8283 0 0 310.3957 153.2224 348.5869 195.7397 284.9161 195.7521 0 0 0 0 0 0 0 0 0 0 0 0 0 0 257.3094 95.96755 282.7746 100.1372 242.4383 98.06946 310.3788 110.7504 0 0 0 0 0 0 0 0 0 0 0 0 
263.7078 110.8045 261.5771 146.8926 219.0504 146.8545 210.6505 197.8283 0 0 310.3957 153.2224 348.5869 195.7397 284.9161 195.7521 0 0 0 0 0 0 0 0 0 0 0 0 0 0 257.3094 95.96755 282.7746 100.1372 242.4383 98.06946 310.3788 110.7504 0 0 0 0 0 0 0 0 0 0 0 0 
263.7078 110.8045 261.5771 146.8926 219.0504 146.8545 210.6505 197.8283 0 0 310.3957 153.2224 348.5869 195.7397 284.9161 195.7521 0 0 0 0 0 0 0 0 0 0 0 0 0 0 257.3094 95.96755 282.7746 100.1372 242.4383 98.06946 310.3788 110.7504 0 0 0 0 0 0 0 0 0 0 0 0 
238.0672 170.9529 239.8654 180.1792 228.8511 181.1206 91.11284 85.56685 0 0 252.7515 179.255 150.7746 84.66348 123.235 84.66885 0 0 0 0 0 0 0 0 0 0 0 0 0 0 236.2105 166.3999 240.7817 166.3808 230.7151 169.1597 246.3202 166.4007 0 0 0 0 0 0 0 0 0 0 0 0 
238.0577 170.0631 239.8594 180.1873 228.8257 181.1099 91.10785 85.56216 0 0 253.6415 179.2691 150.7664 84.65884 123.2283 84.66422 0 0 0 0 0 0 0 0 0 0 0 0 0 0 237.0758 165.523 240.7831 165.5202 230.7121 168.2308 246.312 166.397 0 0 0 0 0 0 0 0 0 0 0 0 
237.039 170.2309 239.7575 180.3228 227.8723 183.07 90.72397 84.32565 98.01471 98.94842 253.485 179.3818 149.2221 80.63901 122.7115 84.30914 0 0 0 0 0 0 0 0 0 0 0 0 0 0 234.2932 165.6899 239.7702 164.8205 229.7 169.3283 245.2785 165.6857 0 0 0 0 0 0 0 0 0 0 0 0 
706.0883 296.6885 700.2825 387.5333 586.4726 381.8445 557.9932 524.0569 614.8923 614.8165 830.8369 398.9914 927.658 512.5866 762.7676 523.8413 649.0251 683.122 558.1308 666.0529 0 0 0 0 739.9418 688.8149 0 0 0 0 694.4295 256.7941 757.0345 268.086 654.556 251.338 836.4956 296.5489 0 0 0 0 0 0 0 0 0 0 0 0 
471.1089 338.3484 472.8535 356.5889 449.2709 358.3564 178.4062 167.5394 196.5832 192.9453 500.1461 356.5123 298.4122 167.5109 243.8695 167.5769 207.5093 216.6159 178.4379 212.9465 0 0 0 0 236.5727 218.4312 0 0 0 0 467.4479 329.3165 476.5071 329.3286 456.5329 334.7322 487.4977 331.0854 0 0 0 0 0 0 0 0 0 0 0 0 
765.677 321.6816 759.1926 420.0776 629.8655 413.9753 605.0505 574.2971 666.7037 629.7523 894.9061 426.4803 1024.263 555.7795 820.9377 561.9429 709.8578 715.9933 611.2498 709.9344 0 0 0 0 802.2703 716.2686 925.7169 611.0098 0 0 746.9374 278.4189 820.8484 290.6619 703.6035 278.4997 907.038 321.5208 0 0 0 0 0 0 0 0 0 0 0 0 
664.1546 279.0193 674.7708 369.8941 578.5439 364.5242 541.1199 525.0468 578.5878 573.1769 781.7072 380.6385 664.1626 541.0757 573.2224 551.7444 616.0563 664.0923 530.3362 648.0627 0 0 0 0 706.952 674.8896 803.2338 530.1661 0 0 642.698 241.6019 707.1381 247.0379 610.6604 252.2941 781.8826 279.0356 0 0 0 0 0 0 0 0 0 0 0 0 
797.2791 300.3495 695.6254 385.1149 577.1013 384.8098 559.9221 526.3356 616.566 593.9393 825.3735 396.1985 943.9948 514.9103 605.2444 582.5667 673.0065 684.261 576.9487 672.989 0 0 0 0 763.3016 684.29 848.1051 559.783 0 0 757.7085 260.8014 814.1086 277.7635 678.7082 266.3262 1514.668 1023.205 0 0 0 0 0 0 0 0 0 0 0 0 
317.2532 227.8855 320.898 240.1708 306.1938 243.782 121.3602 114.0805 133.6375 128.7332 338.0673 240.0793 204.606 111.6041 131.1836 126.2683 54.07694 103.0339 54.07327 103.029 84.64584 246.2415 72.45647 377.231 165.4417 148.3163 183.8224 121.3301 0 0 314.7611 222.9824 319.6894 221.7833 307.4507 227.8414 328.2833 221.7584 0 0 0 0 0 0 85.88972 388.2309 82.21696 388.2354 69.96931 385.7772 
457.2314 4.899632 377.6647 50.42922 423.0907 43.52378 445.8918 227.7186 523.1236 334.4292 329.9442 61.70607 225.4769 189.0462 298.222 264.1122 379.9557 350.4205 407.2421 352.6774 454.9336 550.4486 536.8573 791.4 352.6506 350.3999 427.6573 525.447 532.274 784.5172 498.1988 6.027873 593.6287 411.8277 468.6053 6.035643 609.5867 411.7815 0 0 0 0 0 0 582.2097 811.8013 152.668 720.9112 548.1442 807.2422 
787.1418 154.1527 687.3875 215.743 733.4036 215.8313 748.7918 356.6346 820.5061 477.085 646.2175 213.1814 582.2753 366.9515 551.4804 441.1935 697.4875 515.573 746.1982 515.5443 843.5792 728.21 902.5882 915.3466 646.3034 518.1372 679.6086 730.8539 623.1562 935.906 787.2437 133.7686 669.3444 464.3552 764.1921 128.4916 687.3377 464.303 0 0 0 0 612.9512 935.9431 953.759 910.1506 948.6778 912.8246 907.6184 935.9207 
892.9857 174.7918 790.2753 236.4971 836.4037 239.0034 833.971 390.2208 928.6667 500.4957 746.7094 236.3634 700.4837 385.085 551.8256 441.4697 797.9381 536.3992 844.1105 538.9432 908.1665 731.2912 882.5632 936.4804 751.8115 536.3961 787.7991 738.9814 708.1823 908.2103 892.8082 154.2658 669.7634 464.6458 857.0221 149.1066 687.7679 464.5936 705.6723 936.5248 0 0 690.3302 915.9811 874.9492 936.5463 923.6301 936.462 874.9124 936.5223 
1116.147 188.9164 1035.393 281.6977 1026.43 290.6451 1056.304 437.1446 1146.035 467.2227 1041.424 275.7554 888.8325 437.0939 643.5984 514.8894 1059.326 580.7416 1053.27 583.7512 1083.197 802.0963 1023.44 1041.427 1065.333 580.6942 1086.168 796.1049 1068.32 969.4976 1092.22 170.9197 1128.055 173.9463 1038.417 180.1225 802.149 541.8591 1140.074 1017.377 1137.104 1008.427 1062.193 975.5344 1077.261 1065.344 1050.305 1071.325 1008.425 1059.243 
1240.891 234.1494 1191.527 359.247 1122.6 352.572 1089.581 510.4234 1207.995 566.4968 1247.593 378.7592 1224.632 526.9781 1296.917 579.5583 1171.906 658.6047 1142.185 658.6182 1161.901 875.7402 1112.484 1129.076 1204.819 658.5856 1217.95 879.0566 1165.314 1092.809 1217.774 220.9061 1247.625 217.7332 1168.646 237.458 882.389 596.0619 1254.147 1125.739 1250.783 1115.97 1148.806 1109.367 1168.574 1171.842 1138.958 1175.117 1089.668 1145.587 
1258.744 259.1131 1227.56 397.0499 1131.236 386.6726 1110.459 538.2426 1141.521 676.1887 1317.282 403.8887 1348.378 562.5704 1472.556 558.9546 1217.372 696.8768 1155.357 693.416 1093.342 914.0736 1065.803 1100.109 1279.208 700.2813 1279.319 924.3314 1255.41 1127.743 1251.66 234.8951 1282.971 248.7435 1213.962 252.1938 1306.938 272.9616 1306.843 1176.095 1310.463 1169.073 1244.919 1145.019 1034.801 1155.256 1024.365 1141.539 1082.937 1113.907 
1249.211 282.4359 1227.867 432.3405 1127.897 418.1263 1099.605 578.4637 1099.519 721.2172 1324.122 439.4417 1342.068 589.3774 1438.417 589.3929 1213.667 732.0042 1156.409 731.9341 1106.581 931.6999 1092.293 1120.765 1274.225 731.991 1302.795 963.9168 1327.56 1160.156 1238.697 264.5416 1274.219 271.7819 1210.119 271.8142 1299.096 303.8123 1327.606 1213.669 1352.671 1209.97 1320.599 1181.444 1042.493 1185.018 1035.242 1170.711 1099.502 1127.99 
1085.138 316.3765 1102.59 439.2686 1018.431 439.4467 997.4957 590.2168 1000.971 713.0185 1183.46 435.9526 1186.822 579.7023 1162.49 712.9463 1134.087 737.6105 1074.602 741.1957 1077.963 941.3287 1077.924 1134.149 1190.415 727.1599 1250.14 930.7331 1299.27 1134.239 1078.13 291.9763 1109.766 295.4875 1053.692 302.4539 1144.755 319.9875 1306.199 1186.799 1330.719 1169.46 1292.204 1144.873 1021.88 1165.84 1018.409 1155.365 1085.088 1144.879 
1037.478 364.3565 1124.007 465.1074 1052.054 479.4426 1048.452 637.8379 998.0176 756.7101 1192.396 446.9376 1163.651 616.3898 1062.701 706.4392 1177.919 760.2234 1127.534 760.3978 1109.547 962.0559 1105.812 1159.849 1231.999 756.6461 1282.434 958.2725 1314.772 1138.328 1023.155 357.0042 1048.479 346.2487 1080.918 310.2689 1106.063 331.8853 1347.243 1185.223 1365.091 1170.727 1307.587 1156.319 1048.384 1195.895 1044.687 1185.108 1113.211 1170.917 
1154.459 410.9136 1242.527 502.821 1154.433 529.5386 1173.561 690.6608 1150.611 817.0919 1330.742 476.0298 1349.99 652.1949 1238.613 732.7457 1296.15 797.9896 1238.614 805.6303 1204.137 1024.095 1177.354 1234.895 1353.805 790.3542 1392.155 1024.094 1396.112 1223.436 1146.572 395.5365 1173.63 383.9459 1150.795 330.3263 1219.641 368.6282 1445.782 1265.504 1453.408 1246.464 1391.944 1242.633 1116.252 1273.133 1112.35 1257.977 1185.131 1250.287 
1346.845 426.4282 1379.215 535.9155 1277.919 540.0775 1281.966 714.1995 1318.545 844.0203 1476.617 531.9125 1509.167 689.8281 1634.631 738.6236 1379.415 835.9154 1318.411 835.8758 1249.505 1062.969 1212.788 1281.772 1444.123 835.9158 1476.576 1083.053 1476.583 1298.176 1326.514 402.1491 1371.165 398.0739 1310.24 405.9503 1411.524 393.8725 1529.257 1338.641 1537.249 1318.543 1468.385 1314.522 1196.736 1338.599 1176.408 1318.53 1216.911 1294.142 
1278.839 425.4763 1290.392 515.1473 1193.089 519.0096 1189.307 682.5878 1231.953 822.831 1383.973 514.9525 1391.893 667.1773 1391.961 822.9963 1294.384 815.1208 1232.13 815.1379 1196.835 1029.463 1161.884 1235.953 1353.022 811.2659 1403.652 1041.237 1419.218 1247.63 1259.562 406.015 1294.6 409.8882 1232.195 390.4629 1329.511 398.1148 1465.96 1286.554 1477.435 1267.212 1411.417 1263.326 1146.461 1286.677 1130.654 1271.158 1165.813 1259.244 
1255.482 447.2268 1274.467 512.6918 1178.428 512.5791 1143.831 674.2953 1124.63 812.6106 1367.093 520.2318 1344 685.7709 1247.717 789.7374 1270.717 812.6684 1209.183 808.8622 1163.084 1024.457 1143.777 1224.641 1332.403 812.7496 1374.709 1024.547 1401.519 1228.468 1243.733 424.1134 1278.474 427.9174 1216.796 397.1743 1309.503 404.7587 1451.665 1270.744 1455.595 1251.585 1390.145 1247.619 1120.7 1274.51 1093.965 1259.256 1151.426 1247.626 
1314.377 475.4113 1268.256 513.7969 1176.475 506.3223 1122.956 667.046 1122.856 816.5176 1360.074 525.2686 1364.276 682.3835 1302.812 808.868 1241.495 812.601 1180.204 812.6129 1122.788 1023.107 1118.834 1230.068 1302.707 812.634 1360.265 1019.435 1368.051 1218.614 1302.977 445.0725 1333.64 460.2734 1268.356 414.248 1352.504 440.9178 1452.017 1264.427 1444.519 1245.344 1360.111 1241.605 1061.459 1268.337 1057.605 1252.977 1130.46 1245.31 
1358.177 533.8803 1280.256 570.8705 1193.987 562.5045 1193.992 739.1127 1288.499 857.8109 1362.36 575.0981 1411.561 739.0184 1518.235 866.0304 1259.708 870.166 1194.014 870.1699 1157.199 1095.849 1103.98 1304.986 1325.383 870.1823 1366.552 1071.192 1456.551 1300.856 1354.098 505.239 1374.59 513.3887 1300.799 464.1265 1448.344 472.1619 1526.258 1337.687 1526.259 1325.563 1444.301 1329.395 1161.415 1345.854 1132.724 1353.995 1095.675 1325.371 
1336.586 538.3422 1267.267 566.9538 1185.702 554.6457 1145.125 721.618 1190.076 859.8874 1352.943 575.0192 1356.9 762.2168 1417.958 876.4044 1226.708 864.1995 1165.541 864.1358 1153.107 1092.097 1096.411 1295.809 1287.891 864.1655 1352.768 1083.937 1409.694 1307.939 1320.396 513.9485 1352.815 530.0178 1283.402 473.2789 1438.268 468.8772 1450.637 1344.544 1454.778 1320.479 1389.479 1324.399 1153.342 1332.52 1124.823 1340.649 1088.17 1316.045 
1365.294 558.5757 1297.168 570.5275 1216.808 558.3492 1148.516 715.0164 1112.318 855.4933 1373.294 594.5413 1361.294 759.1862 1369.399 891.6778 1232.894 863.5615 1172.701 855.5821 1136.597 1072.375 1084.338 1272.983 1293.083 871.5825 1349.213 1072.261 1393.104 1284.991 1365.078 530.4757 1393.186 550.5556 1329.278 490.221 1417.325 462.0495 1429.567 1324.966 1437.474 1301.237 1373.24 1305.011 1136.411 1309.16 1108.265 1317.111 1072.401 1293 
1430.921 581.8812 1336.154 590.0105 1261.781 573.4368 1183.479 734.2209 1162.801 886.758 1426.539 610.7967 1430.947 767.2709 1455.48 907.5474 1270.301 882.6936 1220.664 874.6046 1167.199 1101.006 1113.455 1307.136 1331.969 890.9594 1393.576 1101.151 1430.583 1323.583 1430.91 561.222 1451.404 573.6577 1393.65 507.5978 1455.454 474.4796 1468.011 1360.677 1476.193 1340.095 1410.2 1340.203 1163.013 1344.309 1134.055 1348.478 1101.224 1327.679 
1449.66 593.9897 1368.948 602.3309 1271.823 589.3978 1250.509 780.2443 1322.478 907.3994 1445.316 627.6787 1445.407 792.85 1491.876 937.0424 1301.181 894.5768 1233.422 890.3655 1199.447 1131.753 1140.48 1343.768 1368.86 898.8642 1411.453 1131.741 1466.54 1360.553 1445.431 568.4624 1474.834 589.3669 1403.105 521.6697 1496.055 487.7158 1508.926 1398.74 1517.378 1377.572 1445.426 1377.661 1199.458 1381.807 1165.767 1390.203 1131.899 1368.894 
1481.857 600.0826 1387.779 608.7386 1302.24 595.6135 1280.815 784.1888 1366.456 912.7011 1473.476 634.3729 1456.199 805.5218 1460.647 976.6678 1315.082 899.7971 1246.715 903.9794 1208.057 1143.777 1173.668 1362.14 1383.326 899.8167 1430.644 1143.711 1481.9 1374.949 1477.681 570.2179 1490.766 591.566 1426.348 523.0905 1511.879 492.8743 1524.885 1413.493 1533.382 1392.11 1460.595 1392.271 1212.153 1405.031 1182.183 1409.278 1156.659 1383.4 
1491.109 600.3698 1409.94 604.8131 1315.772 595.9548 1281.31 784.5542 1315.681 938.7156 1491.224 630.4301 1482.757 801.5157 1491.292 955.7974 1337.069 895.8283 1264.251 883.0857 1187.194 1114.47 1182.707 1350.035 1405.585 904.3185 1456.892 1144.355 1482.75 1379.752 1487.049 570.5177 1512.687 591.8258 1448.376 523.2911 1512.573 493.1005 1525.679 1414.064 1534.091 1392.677 1461.344 1397.019 1208.426 1409.781 1174.37 1401.281 1182.822 1358.576 
1487.693 593.8463 1402.908 598.2195 1305.782 589.5717 1258.904 763.4036 1280.172 928.5532 1479.2 623.4054 1504.598 793.0609 1547.028 932.9622 1335.128 890.4623 1267.561 881.9722 1254.785 1102.336 1165.898 1331.032 1398.717 894.7502 1441.123 1131.694 1466.612 1360.685 1479.407 564.2936 1508.892 585.2424 1436.975 517.6648 1496.11 487.7335 1509.02 1398.621 1513.328 1373.594 1445.462 1381.808 1199.529 1390.328 1165.866 1381.862 1157.203 1339.394 
1467.703 581.6812 1388.183 590.1085 1296.444 581.5634 1258.902 773.8685 1321.352 915.9426 1471.884 615.0435 1484.418 782.436 1522.151 924.3762 1321.446 882.5912 1254.481 882.4469 1204.461 1099.983 1150.162 1321.63 1388.314 886.6824 1426.065 1116.581 1450.808 1346.4 1459.491 552.4299 1488.614 560.8865 1417.743 502.2605 1476.007 481.1799 1488.649 1379.875 1492.97 1359.065 1426.106 1363.24 1175.246 1375.734 1149.903 1371.563 1145.898 1342.383 
1525.793 605.6465 1430.92 618.5641 1335.788 605.4231 1309.692 799.9352 1357.293 946.6865 1525.735 640.0054 1508.647 812.7791 1521.524 968.4787 1370.353 912.3868 1301.16 908.0089 1292.266 1124.04 1180.114 1353.028 1435.278 916.5862 1478.348 1141.337 1499.684 1383.217 1517.124 579.6346 1538.932 596.8994 1469.491 532.0345 1525.666 497.369 1538.636 1426.267 1543.208 1404.763 1478.233 1404.742 1218.954 1422.023 1188.661 1413.378 1158.563 1361.748 
1530.484 607.5276 1435.356 620.4763 1339.968 607.3231 1300.952 806.7122 1326.908 954.0494 1521.972 637.9908 1513.376 811.2272 1534.822 971.4587 1378.931 915.1223 1313.956 910.7959 1292.207 1153.44 1192.322 1365.733 1443.864 915.3113 1487.244 1144.932 1504.425 1391.794 1517.613 577.3215 1543.712 598.7388 1470.076 533.6518 1530.484 498.9396 1543.629 1430.741 1552.259 1405.153 1482.885 1409.274 1209.943 1413.586 1183.817 1409.166 1170.854 1370.407 
1551.806 614.1688 1451.206 631.6937 1354.751 614.0988 1310.978 798.2014 1310.901 960.1259 1547.327 649.1485 1551.638 819.9968 1556.27 973.4848 1389.787 925.3392 1328.285 920.882 1245.106 1140.135 1188.106 1380.942 1455.63 929.7043 1507.958 1170.522 1520.937 1407.114 1547.33 583.6505 1565.044 601.0449 1490.339 539.6801 1547.324 504.4295 1560.44 1442.296 1565.062 1420.613 1499.154 1424.788 1227.589 1437.864 1196.897 1433.595 1175.092 1389.66 
1518.28 604.1222 1427.647 621.4467 1328.737 604.2103 1289.927 793.9231 1298.443 944.6549 1509.577 638.6112 1505.456 807.0706 1535.405 966.4608 1388.819 918.9233 1324.231 914.7047 1315.592 1147.512 1181.825 1341.432 1440.686 919.004 1492.44 1147.449 1496.592 1380.327 1509.598 574.0967 1535.559 591.2476 1462.105 530.8964 1522.428 496.3135 1535.466 1419.059 1544.078 1397.761 1475.183 1401.813 1216.354 1427.478 1182.011 1414.748 1151.915 1350.079 
1538.625 608.1563 1446.985 629.783 1350.873 612.3343 1328.933 813.2609 1346.469 957.6554 1538.518 643.1542 1529.902 821.9605 1547.26 979.3819 1381.458 922.5395 1311.501 913.9013 1241.391 1149.754 1202.097 1381.275 1451.252 926.9478 1508.075 1158.442 1516.687 1403.158 1525.643 577.6421 1556.015 594.8542 1481.818 537.9691 1542.874 502.9787 1555.949 1438.187 1564.797 1420.653 1495.025 1420.724 1219.608 1442.544 1193.355 1438.121 1197.838 1390.022 
1545.459 613.2366 1449.234 630.9196 1352.945 613.4523 1330.945 814.576 1352.835 963.4374 1536.622 648.2137 1541.116 818.9728 1558.385 981.02 1409.632 928.2944 1339.714 924.0023 1331.03 1147.277 1190.935 1352.998 1466.753 928.4874 1514.854 1160.363 1519.128 1401.095 1532.413 582.7674 1558.641 600.2167 1484.262 538.9518 1545.338 503.782 1558.47 1440.467 1567.28 1422.882 1501.625 1422.84 1226.031 1444.68 1195.412 1431.646 1169.012 1357.37 
1515.995 597.4451 1421.617 614.575 1327.299 601.7081 1288.665 799.1187 1318.65 945.0851 1503.075 631.7406 1515.946 803.2631 1528.981 953.7758 1374.442 910.8427 1314.137 910.7424 1267.02 1151.1 1176.879 1357.224 1434.508 910.8835 1485.831 1142.539 1490.167 1378.566 1503.185 567.4586 1529.002 576.0653 1455.908 528.5031 1515.921 494.1921 1528.87 1413.003 1537.437 1391.784 1468.865 1395.847 1194.113 1412.949 1164.065 1400.239 1155.568 1370.124 
1578.841 623.221 1476.481 645.2738 1383.2 627.5587 1334.575 832.0414 1356.597 996.4793 1574.422 654.3286 1578.726 831.9771 1574.411 1000.952 1414.274 938.7535 1347.62 934.2283 1258.913 1161.002 1196.6 1400.909 1480.97 943.1879 1538.794 1183.206 1543.102 1423.295 1578.671 600.8671 1592.217 618.3652 1512.39 551.7668 1569.811 511.7602 1583.272 1463.263 1592.114 1445.375 1521.048 1445.451 1236.605 1463.285 1205.437 1463.137 1187.774 1405.631 
1597.311 635.0393 1493.647 657.3768 1408.264 630.5286 1350.131 841.53 1376.822 994.5867 1579.266 670.8735 1592.629 846.1063 1596.97 999.1499 1426.387 949.7397 1358.96 949.5139 1350.007 1192.445 1237.362 1412.806 1493.773 954.1364 1543.345 1192.544 1561.069 1439.862 1597.284 621.1894 1610.755 626.079 1543.192 558.241 1588.13 517.7322 1601.794 1480.355 1610.727 1458.045 1538.735 1462.297 1255.525 1484.675 1232.836 1466.93 1219.408 1417.376 
1573.4 619.4418 1467.41 645.7356 1383.57 619.259 1343.79 822.4701 1361.606 972.5676 1560.148 663.3715 1551.349 844.5933 1568.881 1003.607 1396.855 937.3207 1326.214 932.8427 1255.413 1171.496 1215.853 1392.451 1467.353 941.7708 1533.449 1175.783 1533.604 1418.793 1573.337 592.8209 1595.668 614.6187 1524.836 544.0522 1560.133 508.6051 1573.463 1454.26 1578.063 1436.461 1511.7 1436.537 1228.892 1458.63 1202.364 1449.727 1215.697 1396.906 
1630.604 644.5927 1516.788 671.6801 1429.876 640.1871 1397.726 854.3597 1411.509 1009.692 1617.071 681.2196 1621.561 863.6057 1635.361 1028.106 1475.248 968.7901 1402.552 968.651 1379.564 1219.545 1251.567 1425.27 1534.8 973.2625 1584.939 1219.619 1584.957 1461.824 1626.289 621.6755 1657.909 630.8236 1580.352 562.3994 1612.315 525.6166 1626.059 1502.9 1635.231 1484.562 1562.267 1484.577 1274.55 1511.77 1247.078 1498.287 1224.271 1429.863 
1596.856 628.6204 1493.706 655.3276 1408.259 628.5756 1354.69 834.6202 1376.854 987.1406 1592.369 668.8058 1592.358 848.1393 1601.301 1013.869 1444.128 951.2026 1372.577 950.991 1305.364 1193.124 1233.302 1421.844 1506.926 955.6099 1556.307 1193.266 1556.176 1435.189 1596.725 606.0125 1627.92 619.4299 1551.739 552.192 1583.095 516.0909 1596.579 1475.632 1605.57 1457.623 1533.85 1453.392 1242.643 1480.141 1215.562 1475.569 1220.071 1439.767 
1579.701 626.1937 1473.298 652.6025 1388.919 626.1864 1348.979 825.631 1362.122 980.863 1570.7 666.0555 1575.113 839.0957 1584.18 998.5571 1433.312 949.9257 1366.771 945.5175 1340.177 1180.546 1211.426 1393.194 1499.721 958.7219 1539.77 1184.823 1539.623 1424.337 1579.637 603.9922 1606.223 617.1182 1535.107 546.4274 1566.207 510.5852 1579.694 1464.138 1588.482 1442.115 1517.599 1442.147 1233.736 1468.641 1207.013 1459.867 1189.202 1397.575 
1531.844 603.0455 1428.618 632.8505 1342.664 607.1798 1299.782 800.8505 1321.164 951.4497 1514.861 641.7921 1523.333 813.742 1532.195 972.7545 1385.831 929.7836 1321.295 925.561 1273.954 1157.776 1179.371 1360.1 1446.036 929.8753 1493.39 1148.98 1493.226 1377.066 1527.866 581.3561 1544.905 598.3945 1476.156 529.7962 1518.993 495.1935 1531.935 1415.894 1540.613 1398.597 1471.809 1394.475 1192.136 1424.255 1162.078 1415.769 1162.177 1372.904 
1596.039 629.9534 1492.449 656.8141 1407.157 629.9911 1357.761 836.3818 1379.924 989.3693 1586.763 670.3438 1591.308 849.8968 1600.426 1011.807 1447.524 953.4312 1380.109 953.2807 1312.938 1200.278 1209.446 1415.936 1506.006 957.7679 1559.743 1195.943 1559.788 1438.568 1595.983 602.936 1618.28 625.0635 1546.379 553.3683 1586.744 517.2804 1600.284 1479.036 1609.348 1460.961 1537.473 1460.986 1245.418 1483.506 1213.886 1478.912 1200.337 1420.473 
1553.315 613.0594 1452.511 639.2367 1365.191 613.2344 1317.265 814.1522 1343.122 967.153 1540.082 652.3115 1548.948 822.9152 1562.111 988.9693 1413.2 936.65 1347.63 932.3676 1312.629 1172.786 1194.616 1378.304 1474.449 940.9839 1518.288 1168.384 1518.19 1400.106 1553.228 586.825 1566.491 608.3928 1500.799 538.5517 1544.397 503.4753 1557.63 1439.534 1566.414 1417.91 1496.473 1417.867 1212.146 1443.903 1181.528 1430.876 1172.785 1382.81 
1619.349 637.4726 1510.366 668.9803 1428.27 641.8589 1373.976 850.7843 1392.075 1005.558 1610.167 682.7614 1610.34 864.6714 1624.028 1028.202 1460.26 964.7662 1391.938 960.1646 1305.658 1192.018 1232.994 1432.785 1523.962 969.2987 1578.621 1205.667 1578.365 1455.672 1619.24 610.1317 1642.141 628.3264 1569.293 559.9509 1605.642 523.4412 1619.48 1501.037 1628.527 1478.469 1555.701 1478.36 1255.73 1505.52 1223.796 1496.535 1223.788 1437.43 
1579.628 626.0032 1473.077 652.4919 1388.825 626.0222 1348.988 825.6507 1362.342 976.6924 1561.813 661.7271 1570.822 834.6517 1584.212 985.4294 1433.252 949.8367 1366.7 945.3727 1353.34 1180.524 1215.865 1380.096 1499.717 958.6563 1539.779 1184.758 1539.603 1424.288 1579.608 599.5077 1606.131 617.0441 1535.097 546.31 1566.209 510.586 1579.707 1464.161 1588.501 1442.128 1517.536 1442.12 1229.268 1468.794 1198.302 1459.875 1189.299 1384.42 
1587.026 626.4449 1479.793 657.3842 1390.288 626.546 1354.636 836.1532 1376.891 983.9431 1564.574 666.6836 1577.885 854.1094 1591.228 1014.958 1426.039 952.5291 1359.108 952.4296 1305.511 1198.366 1224.995 1412.595 1488.644 952.6035 1551.033 1193.629 1551.089 1430.609 1586.983 603.8877 1600.385 621.6879 1533.413 550.2571 1577.896 514.3961 1591.3 1475.056 1600.293 1452.881 1528.911 1452.885 1233.794 1475.311 1198.389 1466.251 1216.002 1417.232 
1591.724 628.2624 1484.123 659.4439 1389.947 632.7467 1349.761 838.7753 1376.407 995.5655 1564.914 672.9691 1578.283 852.1968 1596.12 1017.921 1434.813 955.3638 1367.641 950.9201 1358.585 1183.864 1228.606 1407.752 1493.211 959.7556 1555.851 1197.12 1555.678 1439.266 1591.606 605.6779 1605.127 623.4248 1533.496 551.9328 1582.582 515.9236 1596.107 1479.513 1605.074 1457.27 1533.441 1457.366 1237.719 1488.432 1206.402 1479.505 1201.957 1407.875 
1466.828 580.6764 1371.428 609.4901 1280.35 588.7139 1243.223 775.1055 1263.779 920.1184 1446.072 626.0089 1462.584 791.6627 1475.212 936.623 1338.365 907.6625 1276.233 907.5728 1243.177 1118.939 1135.444 1305.4 1396.381 907.6939 1437.842 1110.562 1437.67 1330.071 1466.824 559.7895 1479.144 576.3069 1413.015 510.0881 1462.503 476.7778 1475.042 1367.233 1483.308 1346.681 1417.106 1346.719 1143.808 1371.628 1118.81 1367.256 1114.764 1309.555 
1552.548 612.7294 1447.784 643.2287 1360.171 617.1163 1312.354 809.4713 1312.375 962.6334 1539.341 656.5045 1548.066 835.6856 1561.309 988.7102 1408.302 940.6194 1342.677 936.1747 1255.352 1163.556 1176.797 1368.928 1469.532 949.2856 1521.827 1167.667 1517.486 1399.538 1552.478 586.4258 1565.63 604.0433 1495.806 534.1199 1543.695 503.2463 1556.806 1438.931 1565.654 1421.411 1495.735 1421.431 1207.235 1443.313 1172.447 1434.52 1168.035 1373.357 
1513.239 597.2538 1411.145 626.8842 1321.576 601.4821 1279.225 793.1612 1287.542 938.1483 1496.21 635.6997 1513.116 810.2151 1530.301 959.476 1381.177 925.3837 1321.583 921.0711 1304.549 1142.636 1151.098 1334.369 1440.898 929.5381 1483.403 1138.249 1479.215 1364.245 1513.18 571.6578 1521.963 592.7364 1457.921 524.611 1504.699 490.5335 1517.596 1402.605 1526.174 1385.52 1462.119 1385.523 1176.768 1411.094 1146.984 1402.58 1134.133 1334.343 
1509.77 591.379 1407.765 621.2858 1314.381 595.9984 1280.376 787.1158 1284.569 931.7783 1488.479 630.014 1501.275 808.358 1522.535 961.3362 1369.469 918.8314 1305.727 910.4305 1229.255 1135.868 1169.709 1343.9 1428.952 923.0906 1479.866 1131.417 1475.702 1356.75 1509.67 561.714 1526.771 570.3246 1454.446 515.0273 1501.166 489.3817 1509.894 1399.213 1522.5 1382.185 1454.559 1378.12 1169.589 1407.696 1139.838 1394.955 1169.659 1348.239 
1512.321 592.3547 1410.128 622.3896 1316.578 596.976 1282.315 788.4662 1282.388 933.1186 1491.008 635.0953 1507.877 809.8258 1520.959 962.9159 1376.134 920.4573 1312.361 916.1508 1295.219 1137.754 1154.681 1337.589 1439.81 924.6461 1478.316 1137.587 1478.152 1367.487 1512.278 558.699 1533.531 571.2714 1456.897 515.8381 1503.686 490.2035 1516.552 1401.656 1525.044 1384.557 1456.992 1384.597 1175.842 1414.286 1146.124 1405.808 1137.544 1337.67 
1512.002 588.1008 1409.806 622.2458 1312.119 596.8962 1277.929 779.7897 1277.673 932.9413 1490.764 630.9684 1507.74 805.2468 1516.385 962.6834 1375.739 920.3054 1312.005 915.9792 1244.027 1141.615 1167.209 1346.047 1435.325 924.5359 1477.747 1137.454 1477.742 1367.153 1511.979 558.3512 1533.246 566.8619 1452.547 507.3495 1503.374 490.1018 1516.163 1401.342 1520.628 1384.209 1452.542 1384.304 1171.248 1409.708 1141.448 1397.019 1162.838 1358.791 
1491.659 580.262 1390.928 613.9446 1298.617 592.9716 1260.798 773.4713 1256.664 920.4025 1470.762 622.4075 1487.422 794.462 1496.11 949.7823 1357.303 912.0542 1294.286 903.6918 1227.079 1113.718 1138.853 1319.374 1420.272 916.2169 1458.166 1122.104 1457.97 1344.654 1491.635 550.9072 1512.645 559.3109 1433.024 500.5319 1483.19 483.5217 1495.779 1382.527 1500.23 1361.739 1437.103 1361.642 1155.748 1390.734 1126.307 1378.264 1126.282 1319.516 
1453.776 565.4727 1355.601 598.3598 1265.57 577.8745 1228.759 753.8561 1228.558 897.1196 1441.405 606.6483 1453.644 774.4169 1466.095 925.6745 1327.039 896.9969 1273.664 896.9636 1228.492 1105.898 1130.237 1294.023 1388.335 897.0152 1425.034 1097.642 1420.938 1310.552 1453.766 536.8606 1470.194 545.1465 1400.507 487.7649 1445.476 471.2269 1457.75 1347.354 1465.984 1330.904 1400.612 1330.89 1126.253 1351.476 1097.623 1335.013 1126.205 1298.255 
1512.26 584.0312 1414.447 618.086 1329.051 596.9142 1286.515 775.6915 1277.989 933.0505 1512.205 630.8701 1512.221 809.6687 1529.218 962.8888 1380.119 916.1155 1316.272 907.6321 1226.913 1128.934 1171.48 1341.74 1444.032 924.6304 1478.016 1137.603 1477.945 1363.169 1512.212 558.2659 1533.441 562.9714 1456.898 503.2134 1503.546 490.1576 1512.249 1401.517 1520.771 1384.399 1456.783 1384.367 1167.164 1405.747 1137.475 1388.659 1171.5 1346.102 
1458.54 565.7225 1364.408 594.5479 1278.518 574.1803 1233.457 750.1148 1225.189 897.3861 1454.727 606.8547 1458.534 774.7239 1471.018 922.1516 1339.839 893.5402 1286.557 893.431 1257.785 1106.417 1131.254 1290.875 1393.33 897.4526 1426.067 1098.124 1421.707 1311.279 1454.731 537.0599 1479.134 545.346 1405.495 484.0517 1446.272 471.4864 1458.729 1352.013 1466.88 1331.681 1397.357 1327.792 1126.862 1360.236 1098.279 1344.037 1130.968 1294.932 
1484.134 562.3256 1396.151 595.7018 1303.913 583.3711 1262.078 759.1323 1257.925 910.1252 1492.396 616.6242 1492.392 784.347 1496.885 935.1908 1358.51 893.3311 1295.588 889.1387 1219.964 1115.476 1148.885 1325.033 1421.478 897.5193 1458.895 1119.369 1454.748 1341.722 1484.057 541.2557 1496.745 553.8027 1429.599 487.0402 1479.867 482.4385 1492.468 1379.399 1500.865 1362.591 1433.911 1358.648 1148.885 1383.631 1119.603 1371.004 1144.793 1341.643 
1444.157 549.287 1368.476 591.5146 1267.12 578.9911 1250.115 747.8211 1279.552 895.5138 1469.784 600.0675 1494.796 768.8714 1503.271 929.2531 1359.816 891.3895 1292.321 891.1889 1228.712 1106.549 1157.278 1334.388 1427.268 895.468 1465.343 1115.059 1465.184 1355.552 1439.912 519.6523 1469.436 524.3591 1397.813 473.4454 1490.54 485.9176 1503.473 1393.396 1511.783 1372.441 1444.153 1372.552 1157.116 1389.374 1127.618 1372.589 1157.208 1347.177 
1370.333 517.0597 1312.074 579.2101 1212.128 575.1277 1195.567 745.8922 1249.686 883.3868 1411.857 579.3698 1436.946 745.7542 1445.354 887.6088 1316.142 879.1826 1249.582 879.1492 1195.558 1099.7 1141.322 1316.209 1382.675 879.2213 1424.569 1095.542 1445.119 1332.921 1353.707 491.8908 1386.967 508.5895 1312.036 450.4842 1470.18 479.2803 1478.581 1370.361 1486.911 1353.679 1424.458 1353.717 1137.283 1374.388 1112.157 1357.827 1141.293 1332.835 
1222.716 494.1248 1186.936 554.1722 1091.408 558.1545 1091.386 733.1639 1119.209 868.5298 1282.349 553.8433 1290.641 705.2748 1298.459 844.6606 1218.641 852.4921 1158.998 856.5715 1127.163 1063.364 1087.434 1262.605 1266.585 844.6278 1345.995 1063.368 1377.861 1270.508 1206.791 462.6441 1238.649 474.3344 1159.142 434.5729 1405.759 458.2789 1417.734 1314.217 1421.886 1294.332 1358.03 1290.518 1087.45 1314.268 1063.434 1302.344 1091.314 1282.401 
1227.196 503.716 1210.255 578.3335 1106.577 582.855 1077.399 749.1481 1073.141 898.6393 1310.072 553.7386 1409.849 686.6338 1447.568 815.6137 1227.123 877.8589 1168.84 882.1038 1143.939 1110.622 1119.006 1335.255 1293.567 869.5971 1381.132 1077.376 1518.185 1247.786 1210.41 478.8059 1247.817 478.8242 1164.824 462.1573 1256.25 466.296 1513.837 1347.671 1543.089 1339.368 1543.09 1247.801 1077.395 1376.787 1069.081 1356.074 1139.703 1347.817 
1212.938 488.041 1212.517 579.4438 1112.632 579.5059 1021.165 721.2377 1046.329 850.5051 1312.537 575.4415 1312.851 725.4036 1337.681 867.0792 1212.625 879.4438 1146.07 879.525 1117.018 1108.713 1116.867 1337.753 1279.217 879.431 1350.375 1075.402 1408.39 1321.066 1191.992 471.3247 1237.749 471.4464 1158.597 450.7108 1254.599 450.7885 1487.823 1362.727 1487.641 1350.061 1383.525 1350.238 1079.426 1379.411 1067.009 1362.749 1129.511 1350.349 
1216.112 487.8633 1212.186 579.1475 1112.271 579.4884 1091.29 741.5847 1099.647 874.7934 1315.997 570.9629 1324.468 737.3883 1332.743 878.873 1211.798 879.1472 1145.387 879.0876 1111.917 1108.038 1112.272 1332.735 1274.411 883.0742 1349.263 1082.909 1403.455 1320.191 1195.446 475.1232 1241.04 475.2205 1162.066 454.4434 1261.949 454.429 1486.793 1366.057 1482.707 1349.331 1382.624 1349.332 1074.642 1378.586 1062.129 1361.899 1124.563 1349.28 
1219.707 484.9763 1211.635 570.9985 1113.026 563.0561 1047.304 673.7536 1158.177 702.3823 1310.11 571.1394 1379.804 706.7792 1425.052 858.6046 1219.717 870.8896 1145.833 866.8951 1051.501 1059.631 1059.715 1322.258 1289.623 870.9993 1379.867 1072.007 1387.988 1305.921 1199.095 468.5135 1232.23 468.6405 1166.278 444.1719 1264.903 452.2987 1466.16 1334.839 1462.019 1326.516 1363.481 1330.593 1063.77 1355.061 1039.094 1347.023 1063.883 1330.611 
1213.026 485.6091 1221.133 567.8094 1114.381 563.704 1077.423 699.2635 1188.282 736.4401 1319.74 567.7897 1365.136 715.6802 1426.555 867.8026 1229.454 867.694 1167.822 867.6461 1163.735 1069.105 1060.918 1282.907 1291.028 867.7568 1295.361 1093.832 1361.114 1295.107 1196.603 469.1141 1233.505 469.2554 1167.6 444.5863 1266.381 448.7534 1332.362 1348.603 1365.169 1340.423 1373.209 1303.38 1077.391 1348.642 1052.79 1336.317 1040.399 1295.117 
1181.324 465.0089 1197.194 533.0984 1101.211 541.0039 1117.172 716.8738 1169.2 853.1805 1293.315 529.1285 1297.489 692.9962 1321.396 841.0627 1193.124 833.0708 1129.138 833.0565 1069.293 1049.223 1041.299 1269.355 1253.292 833.0389 1325.468 1041.167 1357.225 1265.323 1165.338 444.8529 1201.327 448.8607 1137.144 428.7719 1233.448 432.83 1445.438 1285.364 1437.323 1269.318 1337.366 1297.237 1017.216 1321.183 1005.114 1301.294 1057.139 1293.263 
1104.233 442.9145 1100.433 499.7059 1013.375 518.3815 1002.102 662.043 1028.652 797.9217 1187.219 495.5796 1221.469 612.8377 1259.277 707.4512 1130.585 798.1868 1070.217 801.982 1028.663 1009.849 998.3939 1202.488 1191.035 794.3318 1255.336 987.1297 1282.008 1194.998 1092.871 431.3342 1126.955 431.4922 1070.018 408.9251 1160.799 412.7125 1353.607 1224.992 1349.888 1213.849 1274.201 1221.457 979.5127 1251.407 956.8112 1232.735 1006.004 1221.403 
1095.686 479.248 1140.263 576.5942 1046.841 596.7646 1038.852 754.9865 1087.35 880.7062 1241.473 568.382 1278.219 726.6717 1371.337 758.796 1188.998 872.6093 1132.059 884.7458 1103.678 1103.767 1079.265 1298.415 1253.719 864.4008 1346.878 1059.081 1379.303 1282.327 1083.257 466.9183 1115.968 458.9314 1055.195 467.0652 1152.485 442.7762 1452.421 1314.669 1448.427 1306.556 1367.277 1314.453 1051.002 1342.961 1026.747 1326.776 1083.463 1314.561 
1078.489 418.1952 1086.021 505.3845 1006.285 528.0242 953.3697 676.2105 972.1835 805.3018 1169.737 490.2531 1222.63 611.5534 1294.916 702.8067 1074.505 805.1634 1013.932 805.1923 987.5559 1017.714 998.7332 1203.714 1131.594 805.1182 1169.51 1006.401 1256.71 1199.953 1066.991 406.5549 1104.875 406.5254 1048 406.7711 1139.203 402.969 1234.19 1252.906 1260.835 1241.621 1264.404 1215.152 983.4327 1256.779 957.1472 1245.374 1013.981 1218.922 
1185.722 464.0243 1210.459 570.6036 1112.042 566.6691 1083.313 730.5858 1062.563 882.334 1317.06 570.6874 1325.295 738.6631 1403.239 865.8251 1193.857 870.1439 1128.398 870.0964 1066.752 1087.4 1087.408 1296.515 1255.488 870.1409 1329.512 1070.989 1386.741 1296.616 1165.398 439.4252 1202.239 439.4591 1148.832 435.2831 1259.702 439.5232 1460.519 1325.214 1456.459 1308.858 1366.277 1325.341 1058.611 1357.967 1034.223 1337.633 1099.656 1308.871 
1144.301 429.9464 1166.964 502.3668 1075.711 502.2107 1037.891 650.3573 1018.816 775.8764 1258.353 505.9836 1292.409 661.8007 1387.513 684.7039 1163.157 802.3426 1102.469 802.2419 1045.38 988.5308 1056.905 1205.082 1223.992 802.4118 1246.857 1014.974 1281.125 1205.142 1136.555 407.1414 1170.752 407.2625 1113.938 399.6614 1212.622 407.1509 1273.48 1246.863 1296.337 1235.599 1284.736 1224.121 977.1469 1258.122 984.5695 1239.302 1079.731 1227.891 
1213.722 419.1949 1232.922 495.9191 1144.672 507.5392 1117.655 657.1829 1091.127 791.4794 1317.477 472.9503 1394.185 603.4145 1486.301 680.0845 1213.926 795.317 1156.202 791.5065 1091.02 998.7098 1044.85 1210.041 1275.204 795.3622 1298.13 1021.83 1302.149 1229.144 1198.519 403.6903 1240.489 407.4814 1179.387 392.2645 1279.011 392.3038 1306.084 1267.582 1332.754 1259.818 1294.456 1244.544 987.2323 1267.589 975.8439 1244.71 1056.378 1236.75 
1308.772 440.6643 1332.639 521.403 1235.92 521.4524 1171.202 658.655 1106.566 792.031 1421.604 509.3943 1470.031 658.5162 1558.848 759.6989 1304.484 820.0789 1239.929 803.9691 1122.982 965.5009 1094.56 1147.089 1368.948 828.1902 1352.932 1078.365 1320.738 1300.524 1304.481 416.4172 1340.709 432.4785 1280.235 400.1686 1373.316 428.6146 1385.235 1336.79 1385.277 1324.698 1304.536 1320.672 1102.618 1179.545 1070.397 1179.274 1106.782 1163.283 
1308.714 435.4123 1316.697 511.2039 1224.908 515.1557 1169.195 658.7827 1133.114 782.4073 1408.435 503.1888 1424.509 646.7509 1484.381 754.3289 1292.746 810.2462 1228.891 806.1791 1201.024 1005.624 1169.142 1189.103 1356.432 814.2257 1352.679 1041.634 1308.802 1280.775 1292.845 411.4174 1328.8 427.1736 1272.876 395.4396 1372.496 423.3533 1376.488 1320.682 1376.481 1308.777 1288.78 1296.894 1181.149 1244.9 1157.224 1232.966 1169.237 1197.094 
1267.877 426.8836 1264.018 507.4742 1171.813 507.4225 1148.66 657.2291 1060.429 745.6817 1356.233 507.5797 1367.812 661.2564 1482.777 711.0486 1248.61 807.0782 1187.21 806.9434 1148.928 1018.216 1087.359 1225.623 1306.374 810.7769 1302.234 1025.771 1256.326 1237.024 1248.802 407.5438 1290.84 411.6845 1237.059 380.8785 1329.312 411.4898 1317.723 1271.697 1317.767 1260.202 1237.197 1248.798 991.4303 1214.218 999.0281 1210.344 1091.318 1256.366 
1179.146 390.0197 1164.947 447.0385 1079.264 454.1631 982.8491 529.1564 896.9479 564.9238 1250.621 440.0553 1311.432 554.041 1382.842 597.1133 1161.531 747.019 1104.346 739.9849 1068.654 947.1459 1032.803 1150.628 1222.108 750.5541 1211.554 947.1267 1168.531 1150.583 1158.004 372.0712 1193.601 382.5812 1139.937 354.2794 1225.634 379.0758 1222.2 1182.858 1229.174 1175.622 1150.724 1164.937 954.1921 1150.705 957.8038 1139.953 1043.463 1175.731 
1238.49 425.187 1270.014 507.7058 1175.874 499.7884 1167.9 645.2308 1093.268 621.7466 1356.515 511.532 1399.825 649.3033 1490.115 751.3859 1297.55 806.4394 1238.458 806.453 1207.115 1030.462 1207.404 1258.365 1360.496 806.3937 1372.291 1022.623 1301.483 1234.682 1215.146 397.7571 1258.34 409.3895 1203.294 393.6691 1297.686 405.4218 1340.891 1301.531 1356.517 1289.758 1273.967 1242.595 1156.135 1305.47 1148.267 1293.663 1219.052 1273.92 
1130.481 425.7964 1211.048 506.0419 1122.782 510.0403 1142.034 636.3574 1073.062 559.8001 1302.748 498.4481 1364.121 640.2534 1425.426 770.5367 1237.812 804.8457 1176.62 804.9608 1176.591 1015.574 1184.042 1214.874 1299.097 801.0269 1364.073 988.674 1337.434 1176.483 1115.257 414.1184 1145.764 402.8483 1172.601 383.6277 1199.349 383.747 1325.685 1260.627 1352.617 1249.294 1333.467 1180.388 1176.309 1275.997 1149.53 1268.384 1203.204 1233.938 
1179.672 430.5358 1254.609 517.3588 1160.015 529.0211 1195.509 655.2422 1124.512 552.7828 1345.453 501.4353 1400.626 647.5402 1459.81 777.6486 1270.424 816.9417 1211.414 816.8992 1187.787 1049.685 1215.172 1266.452 1321.719 816.8996 1302.002 1022.154 1353.269 1207.287 1156.095 418.7424 1187.71 402.9237 1207.333 394.9905 1246.64 391.2208 1345.519 1302.035 1376.897 1286.25 1365.147 1207.321 1167.947 1313.78 1152.32 1305.802 1234.97 1278.359 
1159.551 418.0064 1225.191 502.8463 1132.557 510.6056 1132.545 657.4372 1070.86 556.8978 1314.307 483.526 1375.85 626.3337 1429.955 746.2525 1263.814 800.3496 1202.134 807.9695 1186.601 1032.092 1190.355 1248.304 1321.923 796.4288 1348.808 1009.051 1313.943 1225.251 1144.181 410.0415 1178.892 390.9741 1182.739 386.9443 1221.548 383.1254 1340.992 1275.409 1348.956 1260.009 1294.741 1244.635 1140.332 1287.041 1132.478 1279.221 1205.917 1260.018 
1197.689 432.3058 1268.249 514.7183 1174.212 538.3581 1174.018 675.7689 1095.662 585.4537 1358.548 487.3345 1413.531 612.8016 1460.53 706.918 1299.777 813.0569 1240.721 809.1881 1146.805 985.7474 1150.658 1240.89 1362.453 816.9269 1358.399 1048.366 1330.895 1260.367 1177.943 420.4033 1209.482 408.7952 1201.53 393.0922 1268.25 389.348 1362.465 1299.501 1370.264 1287.828 1303.781 1276.061 1154.516 1307.47 1134.84 1303.453 1170.071 1252.583 
1146.877 418.805 1210.46 489.932 1120.873 504.7402 1109.547 642.8575 1031.132 571.9596 1299.964 474.8425 1352.387 586.9127 1386.034 691.4188 1240.263 788.448 1180.632 788.48 1135.708 990.0683 1098.401 1188.137 1299.932 788.4144 1296.353 997.721 1266.234 1199.231 1124.68 400.1367 1154.578 396.4513 1143.226 374.0173 1210.445 374.1722 1300.11 1236.46 1307.487 1221.708 1240.359 1214.214 1117.211 1240.339 1091.037 1236.723 1094.718 1206.682 
1137.176 413.196 1212.099 495.7969 1122.11 506.9549 1099.66 641.9133 1032.233 574.5781 1302.014 491.8548 1366.001 604.443 1396.09 702.1368 1215.8 795.7741 1155.927 795.733 1080.885 983.3617 1013.382 1197.213 1272.226 795.8022 1276.084 1002.105 1287.124 1189.651 1122.318 401.8307 1155.755 394.4926 1148.388 375.7062 1211.99 375.933 1302.124 1238.348 1320.94 1223.43 1275.98 1208.464 919.6574 1185.909 938.2246 1182.205 1028.389 1223.451 
1141.09 438.6872 1204.151 521.7109 1109.576 529.4422 1062.3 675.5282 995.0427 620.2866 1295.031 517.7087 1358.135 647.7656 1413.376 766.1075 1216.016 821.4763 1156.94 825.4242 1105.601 1046.455 1117.563 1267.335 1275.15 817.4783 1271.214 1026.807 1413.428 1192.437 1121.334 422.8744 1153.049 418.8651 1208.184 395.2688 1212.162 399.217 1373.886 1302.877 1401.658 1294.968 1437.212 1192.508 1026.858 1302.901 1034.635 1283.311 1137.161 1283.145 
1029.485 438.3525 1102.541 515.1795 1014.191 534.3611 975.8725 680.0878 937.4948 810.5928 1198.4 503.683 1248.41 637.9167 1236.905 753.0496 1121.677 814.5685 1060.323 814.6196 1029.424 1025.51 1083.309 1232.937 1183.06 814.4694 1244.446 1002.793 1187.087 1236.824 1021.708 415.3912 1048.728 411.4741 1175.398 384.5428 1094.951 388.4839 1279.068 1271.523 1275.281 1256.09 1171.582 1256.055 1002.656 1271.393 1006.461 1259.881 1098.614 1248.396 
1057.695 470.4371 1130.624 551.5685 1041.476 571.8388 1025.489 733.7069 1029.368 879.5626 1227.865 527.2144 1280.48 669.0456 1187.437 753.8846 1146.787 851.1328 1086.103 851.1735 1082.085 1069.9 1126.703 1280.626 1203.528 851.1402 1146.913 1065.797 1146.82 1304.823 1045.557 454.227 1077.919 438.288 1240.006 405.68 1122.635 409.8957 1057.723 1317.049 1085.994 1337.1 1158.976 1329.18 1061.818 1308.891 1065.823 1304.717 1151.02 1308.792 
1019.714 508.2565 1105.701 569.5926 1019.698 602.4156 1027.616 770.116 995.227 905.1397 1199.69 536.9127 1269.317 684.1763 1228.43 831.2519 1162.91 864.0872 1097.619 868.2492 1101.494 1080.992 1158.875 1318.397 1224.434 860.0302 1199.74 1076.936 1142.481 1302.012 999.0969 499.8469 1027.988 479.5759 1252.906 409.9 1081.079 442.8578 1224.238 1351.046 1220.205 1326.699 1121.974 1326.687 1232.504 1355.047 1216.056 1359.261 1154.575 1347.064 
1024.688 550.5006 1121.15 604.963 1037.27 617.6576 1054.05 752.0742 991.2454 827.6168 1196.759 588.3329 1268.17 777.0207 1280.651 928.2677 1213.575 890.3707 1154.625 890.5565 1129.536 1121.206 1184.25 1339.483 1280.637 886.2521 1314.234 1100.309 1322.435 1322.504 1012.141 525.4605 1041.516 521.1288 1284.863 420.3553 1091.944 487.4764 1293.303 1385.553 1326.783 1381.334 1310.069 1331.114 1091.938 1389.654 1096.119 1368.885 1205.099 1360.544 
1211.696 581.0783 1257.404 645.0428 1157.016 636.1458 1124.932 795.9744 1115.808 942.1217 1344.262 649.7869 1335.146 878.2084 1289.542 1015.415 1298.699 942.1871 1230.075 937.6681 1230.011 1198.077 1289.532 1458.608 1367.238 946.7859 1376.339 1193.657 1472.123 1463.214 1198.142 553.7269 1234.589 567.3683 1189.037 521.7135 1294.158 562.828 1367.254 1513.204 1399.094 1513.561 1486.15 1486.022 1188.959 1513.256 1189.049 1495.067 1307.843 1481.481 
1229.731 512.2409 1209.282 578.3534 1114.31 577.955 1077.207 730.7316 1052.356 875.0258 1312.198 590.5434 1291.599 755.4116 1147.347 805.0425 1143.136 870.9704 1097.786 866.746 1101.677 1097.848 1167.681 1316.42 1200.782 875.1524 1106.048 1081.283 1213.292 1312.228 1213.258 483.3378 1250.34 507.7573 1188.594 454.3896 1275.089 495.5481 1209.124 1374.05 1234.035 1365.985 1237.954 1336.966 1072.963 1357.618 1077.133 1341.151 1176.305 1341.118 
1327.499 529.5916 1297.297 590.4836 1197.654 572.9301 1162.644 729.0861 1102.096 846.1968 1396.91 607.7302 1401.181 794.2225 1279.842 880.9488 1275.419 889.6849 1210.539 885.3838 1162.946 1141.125 1223.531 1383.901 1336.373 893.9565 1371.065 1097.662 1332.007 1331.694 1314.579 495.1034 1349.294 508.1069 1288.57 460.2848 1370.93 507.9831 1305.918 1431.553 1336.342 1422.856 1331.721 1331.911 1127.955 1431.589 1128.221 1410.018 1240.935 1405.616 
1279.382 478.2583 1251.168 554.9769 1162.054 534.9581 1117.456 672.4351 1048.771 781.6542 1348.173 563.2417 1344.147 741.1902 1251.011 858.4867 1234.82 854.5311 1174.168 850.3436 1097.223 1060.921 1145.604 1275.213 1295.493 858.6599 1283.511 1081.183 1283.415 1279.453 1275.298 453.9266 1307.731 470.0442 1246.812 421.4709 1339.868 469.8975 1247.084 1344.185 1279.5 1344.041 1287.468 1303.59 1076.986 1335.922 1076.981 1311.86 1157.988 1283.498 
1459.578 555.634 1388.204 585.2665 1291.474 559.845 1228.47 732.3068 1223.987 908.8315 1472.216 610.4106 1476.477 791.2544 1530.969 946.7272 1329.205 879.4078 1262.117 862.6016 1156.841 1055.864 1131.752 1291.575 1392.456 887.9272 1388.039 1119.083 1396.698 1350.354 1459.448 522.1479 1484.903 551.2935 1421.861 479.9998 1421.868 488.2448 1333.552 1392.218 1363.077 1396.447 1421.657 1367.281 1135.895 1367.229 1118.99 1362.78 1148.442 1299.922 
199.9899 149.5807 225.1807 198.2263 113.8383 185.9211 0 0 0 0 294.3316 187.094 0 0 0 0 0 0 0 0 0 0 0 0 0 0 0 0 0 0 180.6604 119.721 226.9434 120.8689 152.5314 123.2128 263.8565 126.7256 0 0 0 0 0 0 0 0 0 0 0 0 
205.1533 149.288 220.0034 203.9571 111.8605 188.517 0 0 0 0 299.6241 190.2984 0 0 0 0 0 0 0 0 0 0 0 0 0 0 0 0 0 0 185.5418 116.6353 231.3086 121.3801 153.4573 118.3924 266.3478 130.8682 0 0 0 0 0 0 0 0 0 0 0 0 
199.1007 145.9978 221.2645 202.5882 112.7486 188.5908 0 0 0 0 307.6071 187.4258 0 0 0 0 0 0 0 0 0 0 0 0 0 0 0 0 0 0 178.671 117.4101 221.2695 119.1567 151.8275 119.7493 256.8579 126.7505 0 0 0 0 0 0 0 0 0 0 0 0 
202.5069 148.1324 222.4016 201.3393 115.9542 185.5544 0 0 0 0 304.8649 189.6431 0 0 0 0 0 0 0 0 0 0 0 0 0 0 0 0 0 0 183.2119 120.0525 227.6678 120.0531 156.8942 122.3808 269.1938 125.3139 0 0 0 0 0 0 0 0 0 0 0 0 
208.5911 148.1122 223.2738 200.3717 117.5855 185.1106 0 0 0 0 294.3195 193.9124 0 0 0 0 0 0 0 0 0 0 0 0 0 0 0 0 0 0 189.7826 118.7602 235.6027 122.8668 161.0263 120.5249 276.1233 128.14 0 0 0 0 0 0 0 0 0 0 0 0 
209.4681 148.7486 223.0421 200.6295 114.5388 185.887 0 0 0 0 296.7451 202.9867 0 0 0 0 0 0 0 0 0 0 0 0 0 0 0 0 0 0 188.2581 119.2428 233.0647 121.0483 158.784 121.6216 274.3433 129.2886 0 0 0 0 0 0 0 0 0 0 0 0 
210.8468 151.6453 219.115 204.9113 116.1462 185.9726 0 0 0 0 327.4196 196.6305 0 0 0 0 0 0 0 0 0 0 0 0 0 0 0 0 0 0 188.9439 119.6969 233.8978 120.904 161.7172 121.4732 274.1508 133.3078 0 0 0 0 0 0 0 0 0 0 0 0 
212.2672 151.4863 220.5942 203.318 116.3242 187.2266 0 0 0 0 327.238 205.695 0 0 0 0 0 0 0 0 0 0 0 0 0 0 0 0 0 0 190.2077 118.7138 234.8847 122.8936 159.8268 119.903 269.4478 138.3785 0 0 0 0 0 0 0 0 0 0 0 0 
210.5596 148.4931 224.734 198.7326 116.585 183.9579 0 0 0 0 282.6593 195.1828 0 0 0 0 0 0 0 0 0 0 0 0 0 0 0 0 0 0 188.685 117.7615 234.7753 120.7253 160.3177 120.1375 270.2429 131.9504 0 0 0 0 0 0 0 0 0 0 0 0 
213.8516 149.5649 217.4231 206.7056 115.0356 187.6558 0 0 0 0 326.9535 206.1075 0 0 0 0 0 0 0 0 0 0 0 0 0 0 0 0 0 0 190.0402 119.2109 240.0293 121.5952 162.0683 122.1918 278.7445 131.1102 0 0 0 0 0 0 0 0 0 0 0 0 
207.1788 145.4758 223.8947 199.6776 113.1771 182.3724 0 0 0 0 316.7453 199.6723 0 0 0 0 0 0 0 0 0 0 0 0 0 0 0 0 0 0 185.2514 115.4789 230.24 118.3726 155.2807 114.9059 265.4253 129.324 0 0 0 0 0 0 0 0 0 0 0 0 
213.6198 151.8436 215.4039 208.8089 117.0738 188.4204 0 0 0 0 329.3293 207.6052 0 0 0 0 0 0 0 0 0 0 0 0 0 0 0 0 0 0 193.2041 121.27 238.1806 124.8681 162.0506 123.6622 280.7536 132.669 0 0 0 0 0 0 0 0 0 0 0 0 
211.7057 150.5139 219.4306 204.5732 114.8379 189.1208 0 0 0 0 326.3972 206.3591 0 0 0 0 0 0 0 0 0 0 0 0 0 0 0 0 0 0 191.5056 120.1992 237.8466 126.7202 160.6089 120.7832 275.292 134.4566 0 0 0 0 0 0 0 0 0 0 0 0 
210.586 149.8838 224.1471 199.3943 115.0924 185.8402 0 0 0 0 327.3115 201.1626 0 0 0 0 0 0 0 0 0 0 0 0 0 0 0 0 0 0 190.5334 119.2172 234.1781 125.1015 158.7247 119.2289 275.4249 132.7822 0 0 0 0 0 0 0 0 0 0 0 0 
210.7596 151.4274 220.8439 203.0468 114.0532 189.9945 0 0 0 0 327.0307 203.0456 0 0 0 0 0 0 0 0 0 0 0 0 0 0 0 0 0 0 191.1769 119.9825 237.4467 123.5558 163.2789 121.1858 278.3845 130.0704 0 0 0 0 0 0 0 0 0 0 0 0 
1303.291 423.1367 1311.047 521.7875 1212.406 525.7919 1216.423 703.1322 1271.547 833.3647 1405.895 517.892 1433.606 679.5261 1465.22 805.7918 1319.097 821.6795 1259.815 821.6766 1212.5 1042.646 1176.87 1248.114 1378.348 817.78 1433.322 1054.678 1437.442 1267.598 1279.762 395.5144 1326.847 399.3787 1255.784 391.2816 1362.318 395.4559 1488.768 1303.129 1496.484 1283.551 1429.503 1279.68 1161.199 1303.196 1145.194 1287.437 1180.811 1271.663 
1247.24 443.028 1270.039 512.3281 1173.979 512.387 1150.74 673.949 1154.765 812.3141 1366.178 512.4337 1343.28 673.9379 1281.741 800.8907 1266.406 812.3062 1208.5 812.2924 1170.109 1016.232 1143.281 1220.247 1331.714 812.318 1370.413 1027.725 1400.942 1231.658 1239.257 416.2503 1273.911 416.3438 1212.44 396.9605 1304.94 400.7266 1451.02 1270.036 1458.513 1250.911 1393.24 1247.123 1127.888 1270.238 1108.605 1258.625 1150.852 1243.253 
1316.766 458.741 1289.4 517.0582 1196.246 513.0766 1141.964 676.0745 1126.259 819.7669 1382.637 528.6048 1382.705 691.5655 1285.574 792.5836 1262.279 815.8298 1196.414 811.9799 1161.444 1033.149 1138.189 1246.687 1328.27 819.6165 1382.487 1029.304 1390.313 1235.117 1312.619 439.2572 1343.842 450.804 1281.621 415.9101 1370.862 446.9025 1471.783 1281.625 1467.888 1262.262 1378.545 1258.374 1075.895 1285.498 1072.101 1266.14 1161.25 1258.595 
1368.443 528.993 1290.759 569.9048 1196.647 557.5598 1196.483 737.8007 1270.221 868.694 1380.738 578.0464 1425.795 745.9528 1519.914 872.9909 1266.16 868.8945 1200.515 868.8915 1159.624 1090.005 1102.421 1302.911 1331.663 868.9113 1389.12 1089.859 1458.564 1298.986 1364.31 500.3203 1392.919 508.6833 1323.227 455.2424 1446.177 471.4555 1552.627 1347.989 1548.576 1327.623 1450.265 1327.616 1159.588 1339.827 1130.949 1347.983 1094.15 1323.296 
1327.288 537.0016 1261.637 569.8909 1175.658 561.5747 1159.329 733.4109 1253.395 836.0396 1355.625 578.0624 1376.283 737.7405 1462.326 860.4785 1233.068 868.5276 1175.621 868.5996 1155.213 1098.041 1102.085 1306.667 1294.531 864.618 1359.95 1089.762 1417.067 1314.744 1323.037 508.4167 1355.597 520.6298 1282.052 471.3681 1445.761 471.3198 1458.219 1351.67 1462.387 1331.249 1396.718 1331.214 1159.44 1343.55 1130.795 1351.654 1093.769 1323.035 
1352.411 555.1184 1295.64 567.4095 1210.785 559.0598 1150.073 717.0308 1117.701 858.7744 1376.536 591.4673 1344.452 761.4997 1372.438 894.9864 1243.124 862.7771 1182.382 858.717 1146.075 1085.213 1093.366 1287.653 1303.825 870.7514 1356.367 1081.131 1400.979 1299.71 1344.367 530.6842 1376.635 534.9899 1308.009 482.2909 1429.13 465.8979 1441.528 1336.088 1449.442 1315.884 1384.638 1316.004 1146.064 1323.962 1117.723 1332.037 1081.282 1307.768 
1430.942 581.8851 1336.209 590.1148 1261.847 573.4801 1187.708 734.2743 1154.715 874.6813 1422.691 610.8947 1430.881 767.2042 1443.316 907.3062 1270.245 882.773 1216.483 878.56 1167.21 1101.053 1113.495 1307.154 1331.994 894.9938 1393.628 1101.135 1430.646 1319.643 1430.944 561.2081 1451.453 573.671 1393.702 507.6086 1455.497 474.4936 1468.026 1360.694 1476.223 1340.122 1410.286 1340.194 1163.008 1344.334 1134.061 1348.496 1101.268 1327.706 
1462.247 597.9871 1369.148 602.3694 1276.045 589.4761 1233.431 763.4491 1254.688 924.1575 1449.547 627.7312 1470.82 797.2072 1513.134 958.1602 1301.375 894.614 1237.665 890.4266 1199.66 1127.681 1144.501 1343.738 1368.959 898.7853 1411.402 1110.767 1466.59 1356.398 1462.196 572.6013 1475.124 589.5569 1411.426 521.8411 1496.096 487.7291 1508.99 1398.653 1517.407 1377.522 1445.512 1377.636 1199.476 1381.882 1165.813 1390.251 1131.916 1364.904 
1453.427 593.8832 1368.647 602.1367 1275.586 589.1973 1267.033 775.8138 1364.384 898.4714 1444.977 627.4999 1440.568 801.1253 1449.173 966.2609 1300.946 894.3979 1233.295 894.4513 1199.074 1131.592 1144.143 1347.464 1368.457 894.4318 1411.161 1131.442 1466.02 1360.203 1449.182 568.3448 1474.516 589.2268 1406.689 521.5408 1495.622 487.5746 1508.485 1398.284 1516.93 1377.145 1444.94 1381.418 1199.137 1381.422 1165.495 1389.859 1131.573 1368.6 
1544.141 623.4505 1463.874 632.2801 1366.208 618.8052 1330.436 823.5431 1370.729 974.6691 1548.285 658.8198 1535.195 832.4827 1543.961 1001.462 1383.908 921.4261 1312.733 912.5613 1254.883 1161.589 1228.139 1406.306 1450.621 934.6419 1508.333 1188.041 1539.596 1428.304 1544.029 596.6556 1566.295 618.7017 1503.818 547.5452 1570.604 512.0188 1584.121 1468.32 1592.892 1446.12 1517.402 1446.249 1254.994 1463.994 1223.782 1459.532 1228.144 1424.006 
1503.598 601.8494 1421.911 610.5142 1323.394 597.6718 1276.034 786.5129 1284.843 945.254 1499.331 631.9755 1516.475 803.74 1555.168 945.5573 1353.145 902.5267 1284.534 893.9042 1250.346 1117.076 1177.19 1349.074 1417.709 906.8786 1460.566 1142.962 1486.469 1379.159 1499.334 571.9263 1525.288 593.152 1456.456 524.5878 1516.421 494.3551 1529.508 1417.638 1537.971 1392.251 1465.037 1400.57 1211.634 1396.453 1181.517 1396.341 1155.924 1357.705 
1449.488 574.4189 1370.932 578.7822 1280.273 570.3537 1239.099 760.2361 1296.732 904.6313 1453.634 603.3532 1466.015 772.3942 1511.396 908.8473 1305.106 871.4714 1239.028 863.3665 1197.742 1086.243 1135.632 1301.023 1371.053 871.6579 1408.108 1098.589 1432.749 1329.618 1441.366 545.5186 1470.133 553.8663 1400.128 491.9551 1457.621 475.1861 1470.219 1362.722 1478.368 1342.145 1412.254 1346.253 1164.626 1354.524 1135.697 1350.395 1123.337 1313.294 
1496.288 593.8199 1407.326 602.4158 1314.14 589.7127 1297.101 788.6737 1339.749 920.1219 1500.515 623.6392 1483.601 797.181 1500.58 954.066 1339.56 894.662 1267.683 890.4142 1199.839 1106.512 1153.24 1335.318 1407.427 898.9614 1462.477 1127.75 1470.754 1356.547 1487.833 564.3288 1509.206 585.3082 1441.178 517.6797 1496.26 487.7825 1509.066 1394.745 1513.428 1373.704 1449.689 1373.706 1191.328 1386.22 1161.577 1386.165 1140.483 1343.807 
1509.178 599.2322 1415.331 607.6506 1321.206 598.8497 1282.974 787.0864 1317.194 936.6879 1500.755 629.017 1492.201 799.6738 1505.014 953.656 1359.72 902.4512 1291.421 902.2792 1282.95 1128.912 1171.619 1342.462 1423.721 906.5824 1470.704 1137.336 1483.466 1372.439 1500.64 577.587 1522.222 594.5201 1453.554 526.3533 1509.156 491.9868 1522.174 1410.832 1530.68 1389.535 1462.237 1389.668 1205.751 1406.727 1175.823 1393.975 1146.133 1346.884 
1547.151 612.3126 1450.859 629.7388 1354.879 612.1974 1307.068 795.7515 1307.019 957.2219 1542.725 647.2051 1542.861 817.6782 1551.495 974.8682 1385.455 922.5227 1315.768 918.1324 1228.259 1136.646 1197.655 1376.727 1451.115 926.8644 1499.182 1167.01 1516.37 1402.945 1542.69 581.879 1560.321 599.2455 1485.919 537.963 1542.682 502.9163 1555.755 1437.974 1560.371 1420.391 1490.529 1420.579 1219.547 1437.906 1193.281 1433.508 1188.972 1381.313 
1546.113 613.7394 1449.86 631.1386 1349.355 613.7065 1309.922 806.2716 1314.139 959.5604 1533.115 644.4429 1541.788 819.5593 1559.467 981.4836 1414.62 929.0616 1349.049 928.9313 1340.313 1147.869 1195.909 1353.659 1467.415 933.3149 1515.487 1165.208 1519.838 1401.731 1533.161 587.4127 1559.516 604.8228 1484.976 539.3468 1546.079 504.0234 1559.243 1441.053 1568.064 1419.453 1498.096 1423.564 1235.391 1445.497 1204.616 1432.433 1169.61 1362.275 
1500.821 593.1218 1411.334 610.1279 1317.517 597.2457 1283.489 793.3244 1309.079 934.1155 1492.352 627.2667 1492.292 797.7132 1509.271 955.2667 1351.756 904.1525 1287.753 900.0043 1240.805 1142.727 1172.425 1351.642 1415.658 904.2817 1470.92 1138.397 1479.368 1368.625 1488.132 563.3245 1517.85 576.0276 1445.27 524.6592 1504.943 490.613 1517.81 1402.812 1522.254 1385.653 1458.246 1385.712 1185.511 1406.947 1155.667 1398.531 1159.886 1368.682 
1556.627 617.6398 1459.749 635.46 1362.755 617.8447 1340.653 820.4844 1358.497 970.3739 1547.855 652.9001 1547.862 825.1257 1565.462 987.9451 1406.742 930.7399 1336.162 926.2339 1323.078 1146.73 1190.767 1362.692 1468.635 935.1538 1525.728 1164.378 1530.085 1415.507 1543.472 586.936 1569.904 604.5618 1494.99 542.8128 1556.495 507.4193 1569.766 1455.066 1578.64 1433.206 1508.213 1433.236 1230.465 1450.735 1199.631 1437.566 1177.338 1367.146 
1519.29 598.8024 1424.721 615.8984 1330.199 603.0004 1291.502 800.8407 1325.585 947.2774 1502.278 633.1053 1515.109 800.9578 1532.419 955.7762 1381.659 912.7917 1317.07 912.7135 1286.797 1153.531 1183.531 1360.031 1441.855 912.8414 1489.078 1145.065 1493.438 1377.442 1506.433 568.7219 1532.304 581.5774 1459.117 529.6721 1519.235 495.2722 1532.168 1416.099 1540.804 1398.811 1472.074 1398.89 1201.066 1420.28 1175.136 1407.573 1158.076 1368.745 
1578.451 622.94 1476.099 645.1075 1378.501 627.4355 1338.432 831.8771 1360.596 996.3029 1574.017 654.1451 1574.121 831.7781 1578.249 1000.657 1414.14 938.6395 1351.771 934.1157 1258.429 1160.723 1209.626 1400.771 1480.808 943.0339 1542.854 1182.961 1542.81 1422.946 1574.111 596.3129 1591.85 613.9509 1511.899 547.5789 1569.482 511.653 1582.964 1462.942 1591.812 1445.083 1520.727 1445.092 1236.269 1467.224 1205.193 1462.825 1196.424 1409.569 
1597.377 639.3318 1493.731 657.4368 1408.295 630.5358 1350.18 837.2217 1372.382 990.2794 1583.793 670.9963 1597.224 850.7411 1597.337 1017.021 1426.38 949.7788 1359.011 949.5167 1336.476 1192.568 1228.58 1417.215 1493.738 954.2241 1547.741 1196.88 1561.09 1439.91 1597.298 621.2312 1610.87 625.9606 1538.82 558.3407 1588.174 517.7466 1601.855 1480.396 1610.741 1458.094 1538.759 1462.351 1259.91 1484.73 1228.553 1475.804 1206.201 1421.817 
1551.665 612.426 1450.844 638.4619 1363.696 612.3112 1315.724 813.1008 1346.064 961.7082 1538.31 651.7499 1525.319 830.6579 1547.073 992.1592 1385.503 931.2596 1319.943 926.9767 1276.246 1171.573 1201.815 1385.478 1450.968 935.5676 1507.773 1166.967 1516.361 1398.621 1551.586 586.1623 1569.08 607.6891 1503.422 537.9668 1542.642 502.9032 1555.857 1437.936 1564.54 1416.3 1494.664 1420.393 1215.236 1442.321 1188.913 1437.917 1188.894 1402.926 
1592.864 629.6403 1481.689 651.9777 1401.112 625.3239 1365.555 834.6843 1383.263 986.3376 1579.64 665.4616 1583.981 848.2183 1592.976 1008.558 1423.518 946.2839 1356.51 941.8312 1334.098 1169.197 1222.63 1401.102 1486.034 950.6722 1543.954 1186.969 1548.244 1432.33 1588.687 607.2637 1619.667 616.2664 1543.821 549.4 1575.001 513.452 1588.456 1472.362 1597.39 1450.232 1526.122 1450.305 1245.134 1472.567 1218.267 1463.65 1200.412 1405.616 
1599.126 629.4906 1495.736 660.4575 1410.241 633.6948 1360.927 835.7996 1378.957 992.8049 1594.522 669.8029 1594.619 849.2128 1607.84 1015.268 1450.609 957.0441 1379.057 956.9039 1311.761 1199.548 1230.829 1419.593 1513.632 961.4922 1558.412 1199.165 1558.406 1437.245 1599.022 606.8032 1630.276 620.359 1553.974 552.9375 1585.359 516.8289 1598.803 1477.736 1603.603 1459.7 1536.081 1455.464 1244.353 1482.113 1212.941 1473.181 1217.364 1441.718 
1621.007 640.7446 1516.632 667.9268 1425.861 640.8627 1376.044 849.3101 1393.989 1003.768 1612.101 681.655 1612.122 858.623 1621.148 1026.341 1462.277 962.9616 1394.059 958.4782 1326.138 1194.443 1221.705 1430.278 1530.231 967.4687 1575.765 1212.485 1575.594 1457.686 1616.695 618.0112 1648.216 627.177 1571.063 559.186 1602.827 522.5234 1616.744 1498.435 1625.68 1475.854 1553.003 1475.914 1262.646 1493.945 1230.83 1484.996 1212.495 1434.914 
1534.55 604.1299 1431.147 633.9578 1345.026 608.2717 1302.059 802.2577 1323.491 952.9886 1521.659 642.9031 1525.979 815.2428 1538.962 970.1688 1392.401 931.4451 1327.755 927.2006 1289.087 1155.682 1185.418 1362.198 1452.888 935.7204 1496.093 1150.998 1495.842 1379.62 1530.559 582.3766 1547.665 599.4413 1482.915 530.7122 1521.662 496.0635 1534.752 1422.506 1543.36 1401.112 1474.38 1401.04 1194.265 1422.722 1164.161 1414.021 1164.134 1366.67 
1582.957 623.1483 1476.444 649.7615 1392.039 623.2244 1347.52 827.4193 1365.206 978.7986 1569.841 663.1674 1574.248 840.8177 1583.112 1005.368 1414.323 943.2594 1347.598 943.0154 1263.216 1174.152 1218.645 1401.006 1480.905 947.6057 1543.153 1178.7 1543.027 1418.752 1578.846 596.4812 1596.516 618.3572 1525.465 547.4412 1569.713 511.7283 1583.019 1463.168 1591.987 1445.307 1520.883 1441.051 1227.655 1467.57 1196.439 1454.319 1209.846 1409.746 
1556.067 614.1581 1450.936 640.3326 1367.498 618.3453 1323.627 815.5234 1345.409 968.7985 1538.306 653.4201 1551.482 824.2582 1564.714 981.9433 1415.706 938.2569 1349.993 938.1516 1336.824 1170.431 1179.306 1376.168 1481.279 942.6451 1520.896 1170.305 1520.777 1398.183 1556.006 587.8685 1573.482 609.4306 1507.61 539.5438 1547.012 504.3276 1560.226 1441.936 1569.06 1420.301 1499.004 1420.189 1218.537 1450.568 1187.879 1441.935 1165.927 1376.277 
1583.299 624.9334 1480.603 655.7917 1391.496 624.9421 1346.919 829.8541 1364.743 981.6179 1578.569 669.441 1578.778 843.3002 1591.997 1008.173 1422.749 950.1604 1355.898 945.6237 1297.74 1190.819 1221.997 1409.406 1485.255 954.6163 1547.531 1190.766 1547.413 1427.069 1583.244 598.1292 1601.027 620.1831 1534.176 548.8962 1574.151 513.1752 1587.675 1471.59 1596.585 1449.417 1525.207 1445.138 1231.155 1476.167 1199.906 1471.595 1208.695 1418.208 
1623.239 643.345 1514.055 670.5887 1431.772 643.4009 1381.743 852.8578 1399.697 1008.02 1614.033 684.3979 1614.167 857.5931 1627.851 1017.166 1468.234 967.0686 1399.754 962.4737 1327.141 1208.479 1226.75 1422.812 1527.637 971.6162 1582.277 1213.14 1582.159 1459.207 1623.21 616.114 1646.127 634.136 1573.156 561.3857 1609.509 524.7017 1623.31 1500.307 1632.397 1481.961 1559.496 1481.934 1258.702 1509.229 1226.709 1500.208 1217.476 1431.783 
1575.86 622.0187 1469.337 652.8104 1376.18 626.379 1344.947 830.2485 1367.277 976.9836 1553.533 666.1631 1562.465 848.0569 1584.647 1003.271 1429.288 950.1252 1362.779 950.1707 1327.307 1189.962 1220.599 1402.657 1487.023 945.8785 1540.28 1185.296 1540.142 1424.767 1575.84 599.6237 1593.436 617.2537 1526.924 546.3464 1566.732 510.7564 1580.08 1460.414 1589.004 1442.595 1518.105 1442.633 1225.161 1469.152 1194.162 1455.934 1203.03 1407.223 
1590.935 628.0222 1483.47 659.0656 1389.424 632.3778 1353.424 838.1834 1375.769 986.3381 1568.499 672.5943 1577.478 847.4625 1591.043 1017.524 1434.029 954.9635 1366.972 954.78 1313.165 1201.2 1223.527 1411.622 1492.397 959.351 1554.847 1196.531 1554.975 1438.486 1590.852 605.4777 1604.326 623.2061 1537.06 551.6644 1581.817 515.6743 1595.221 1474.497 1600.021 1456.474 1537.083 1456.53 1236.994 1483.347 1205.654 1474.425 1205.613 1416.036 
1493.129 589.5178 1392.365 618.7798 1299.931 597.7217 1262.184 791.0438 1287.238 934.0961 1468.114 631.4884 1484.872 795.5167 1497.79 950.9269 1362.846 917.324 1299.921 913.1633 1287.307 1131.676 1148.554 1320.892 1421.874 921.3536 1459.798 1127.391 1459.614 1350.321 1489.21 568.3646 1501.741 585.0562 1434.631 517.8412 1484.821 484.0535 1497.533 1388.091 1505.956 1367.215 1438.723 1367.247 1165.314 1392.587 1135.992 1388.131 1127.395 1324.939 
1530.429 603.957 1427.198 634.066 1336.61 608.314 1293.609 802.1152 1297.765 948.8453 1513.277 647.1472 1526.107 815.2296 1535.044 974.5206 1388.222 931.5234 1323.503 922.9858 1228.831 1151.306 1177.124 1358.218 1448.612 935.853 1500.383 1147.016 1495.986 1379.718 1530.361 573.989 1539.267 595.4153 1474.471 530.5959 1521.796 496.1074 1534.719 1418.545 1543.439 1401.296 1474.506 1401.289 1185.927 1422.828 1155.717 1409.932 1164.298 1362.52 
1513.239 597.2538 1411.145 626.8842 1321.576 601.4821 1279.225 793.1612 1287.542 938.1483 1496.21 635.6997 1513.116 810.2151 1530.301 959.476 1381.177 925.3837 1321.583 921.0711 1304.549 1142.636 1151.098 1334.369 1440.898 929.5381 1483.403 1138.249 1479.215 1364.245 1513.18 571.6578 1521.963 592.7364 1457.921 524.611 1504.699 490.5335 1517.596 1402.605 1526.174 1385.52 1462.119 1385.523 1176.768 1411.094 1146.984 1402.58 1134.133 1334.343 
