NaN NaN NaN NaN NaN NaN NaN NaN NaN NaN NaN NaN NaN NaN NaN NaN NaN NaN NaN NaN NaN NaN NaN NaN NaN NaN NaN NaN NaN NaN NaN NaN NaN NaN NaN NaN NaN NaN NaN NaN NaN NaN NaN NaN NaN NaN NaN NaN NaN NaN 
1015.752 194.4112 1028.163 334.8159 915.8145 331.8667 893.8895 487.9113 872.058 622.1967 1134.263 334.8557 1193.672 491.1649 1190.675 653.4547 1018.892 634.6726 959.4484 634.6569 900.1965 859.4654 862.6269 1050.075 1084.523 634.653 1184.28 859.4541 1268.644 1065.707 993.8102 175.6617 1037.661 169.4846 962.5687 188.0919 1062.655 184.9604 1281.167 1112.47 1299.836 1106.273 1274.93 1084.328 903.2508 1109.415 872.0456 1109.373 853.2869 1059.519 
1015.752 194.4112 1028.163 334.8159 915.8145 331.8667 893.8895 487.9113 872.058 622.1967 1134.263 334.8557 1193.672 491.1649 1190.675 653.4547 1018.892 634.6726 959.4484 634.6569 900.1965 859.4654 862.6269 1050.075 1084.523 634.653 1184.28 859.4541 1268.644 1065.707 993.8102 175.6617 1037.661 169.4846 962.5687 188.0919 1062.655 184.9604 1281.167 1112.47 1299.836 1106.273 1274.93 1084.328 903.2508 1109.415 872.0456 1109.373 853.2869 1059.519 
1021.436 190.6039 1030.258 303.3896 935.3783 294.3754 911.4482 439.9264 870.1899 570.369 1125.259 321.1335 1151.988 484.2959 1122.177 626.7729 985.8284 600.0814 932.3528 585.3118 852.3191 775.1348 840.3306 979.839 1048.14 606.0203 1053.937 822.6589 1042.181 1006.545 1003.584 169.8115 1042.155 169.82 976.9184 175.8166 1071.874 175.7324 1083.782 1057.037 1098.474 1051.052 1030.175 1021.399 822.5919 1045.14 804.831 1033.345 846.4024 985.8812 
1021.436 190.6039 1030.258 303.3896 935.3783 294.3754 911.4482 439.9264 870.1899 570.369 1125.259 321.1335 1151.988 484.2959 1122.177 626.7729 985.8284 600.0814 932.3528 585.3118 852.3191 775.1348 840.3306 979.839 1048.14 606.0203 1053.937 822.6589 1042.181 1006.545 1003.584 169.8115 1042.155 169.82 976.9184 175.8166 1071.874 175.7324 1083.782 1057.037 1098.474 1051.052 1030.175 1021.399 822.5919 1045.14 804.831 1033.345 846.4024 985.8812 
1021.436 190.6039 1030.258 303.3896 935.3783 294.3754 911.4482 439.9264 870.1899 570.369 1125.259 321.1335 1151.988 484.2959 1122.177 626.7729 985.8284 600.0814 932.3528 585.3118 852.3191 775.1348 840.3306 979.839 1048.14 606.0203 1053.937 822.6589 1042.181 1006.545 1003.584 169.8115 1042.155 169.82 976.9184 175.8166 1071.874 175.7324 1083.782 1057.037 1098.474 1051.052 1030.175 1021.399 822.5919 1045.14 804.831 1033.345 846.4024 985.8812 
1073.991 191.9263 1079.972 309.238 978.2114 290.5962 947.4329 441.6927 904.2648 574.2574 1187.898 333.7083 1206.465 500.3556 1172.437 648.2587 1030.674 605.1597 971.9773 595.8429 864.0978 787.094 796.2905 947.3416 1095.421 617.4991 1120.078 827.0903 1123.311 1042.917 1058.406 167.2806 1101.529 170.3608 1030.668 173.4096 1138.55 179.5363 1098.51 1095.276 1123.207 1092.351 1126.235 1049.27 753.2415 1030.726 743.8693 1018.365 802.4568 953.5853 
1073.991 191.9263 1079.972 309.238 978.2114 290.5962 947.4329 441.6927 904.2648 574.2574 1187.898 333.7083 1206.465 500.3556 1172.437 648.2587 1030.674 605.1597 971.9773 595.8429 864.0978 787.094 796.2905 947.3416 1095.421 617.4991 1120.078 827.0903 1123.311 1042.917 1058.406 167.2806 1101.529 170.3608 1030.668 173.4096 1138.55 179.5363 1098.51 1095.276 1123.207 1092.351 1126.235 1049.27 753.2415 1030.726 743.8693 1018.365 802.4568 953.5853 
1148.804 243.4434 1148.865 346.8054 1042.067 324.0604 971.0599 456.8357 919.0237 582.9664 1258.699 372.6573 1287.786 547.2373 1258.738 686.419 1090.48 641.0692 1022.648 631.314 873.8903 812.3005 741.4202 967.5201 1151.898 654.0331 1174.626 867.351 1239.245 1087.334 1129.351 217.5317 1174.642 220.7488 1106.693 204.5331 1213.456 217.5762 1152.124 1145.453 1181.078 1148.599 1258.712 1100.339 715.4105 1051.729 702.4924 1042.043 734.7151 964.4299 
1148.804 243.4434 1148.865 346.8054 1042.067 324.0604 971.0599 456.8357 919.0237 582.9664 1258.699 372.6573 1287.786 547.2373 1258.738 686.419 1090.48 641.0692 1022.648 631.314 873.8903 812.3005 741.4202 967.5201 1151.898 654.0331 1174.626 867.351 1239.245 1087.334 1129.351 217.5317 1174.642 220.7488 1106.693 204.5331 1213.456 217.5762 1152.124 1145.453 1181.078 1148.599 1258.712 1100.339 715.4105 1051.729 702.4924 1042.043 734.7151 964.4299 
1101.426 257.2581 1101.631 340.9756 1002.536 316.2492 928.3301 439.8671 857.3444 557.4993 1209.806 368.7101 1246.989 523.3254 1228.426 665.5608 1027.248 631.6079 968.5718 613.0604 820.1182 783.0128 718.0928 922.1262 1095.287 650.1016 1123.04 851.193 1154.193 1042.834 1080.021 232.4925 1126.16 232.7551 1067.461 217.3021 1169.44 226.4906 1113.896 1098.294 1144.752 1095.3 1172.748 1055.132 681.0955 987.0835 671.6942 974.7369 715.0214 928.3137 
1101.426 257.2581 1101.631 340.9756 1002.536 316.2492 928.3301 439.8671 857.3444 557.4993 1209.806 368.7101 1246.989 523.3254 1228.426 665.5608 1027.248 631.6079 968.5718 613.0604 820.1182 783.0128 718.0928 922.1262 1095.287 650.1016 1123.04 851.193 1154.193 1042.834 1080.021 232.4925 1126.16 232.7551 1067.461 217.3021 1169.44 226.4906 1113.896 1098.294 1144.752 1095.3 1172.748 1055.132 681.0955 987.0835 671.6942 974.7369 715.0214 928.3137 
1101.426 257.2581 1101.631 340.9756 1002.536 316.2492 928.3301 439.8671 857.3444 557.4993 1209.806 368.7101 1246.989 523.3254 1228.426 665.5608 1027.248 631.6079 968.5718 613.0604 820.1182 783.0128 718.0928 922.1262 1095.287 650.1016 1123.04 851.193 1154.193 1042.834 1080.021 232.4925 1126.16 232.7551 1067.461 217.3021 1169.44 226.4906 1113.896 1098.294 1144.752 1095.3 1172.748 1055.132 681.0955 987.0835 671.6942 974.7369 715.0214 928.3137 
1091.136 243.4692 1094.191 329.5021 992.7999 304.8603 919.0743 427.8156 848.4572 547.4689 1201.678 357.0819 1241.603 513.6644 1238.438 648.9512 1002.114 615.0225 946.6682 596.657 827.0099 771.7765 777.8127 940.5553 1066.604 627.3649 1081.974 827.0674 1094.324 1020.442 1069.769 215.8568 1115.735 227.991 1054.244 206.6432 1152.611 212.7404 1124.929 1088.057 1143.326 1069.737 1084.979 1038.85 774.7614 1014.388 747.2266 999.0366 777.9168 943.703 
1091.136 243.4692 1094.191 329.5021 992.7999 304.8603 919.0743 427.8156 848.4572 547.4689 1201.678 357.0819 1241.603 513.6644 1238.438 648.9512 1002.114 615.0225 946.6682 596.657 827.0099 771.7765 777.8127 940.5553 1066.604 627.3649 1081.974 827.0674 1094.324 1020.442 1069.769 215.8568 1115.735 227.991 1054.244 206.6432 1152.611 212.7404 1124.929 1088.057 1143.326 1069.737 1084.979 1038.85 774.7614 1014.388 747.2266 999.0366 777.9168 943.703 
1141.893 254.0825 1145.093 349.3003 1036.534 326.2413 961.132 464.4489 905.1917 595.989 1257.04 375.6369 1302.943 533.5039 1309.634 671.8025 1066.192 638.7389 1010.192 622.3494 961.1201 855.844 961.1727 1089.364 1125.495 645.4195 1108.996 872.2224 1063.047 1092.525 1119.017 227.7131 1168.211 234.2761 1099.22 217.8215 1204.471 224.4234 1141.906 1158.323 1141.905 1141.954 1039.906 1115.474 977.4837 1145.191 951.2186 1141.922 970.9678 1099.229 
1141.893 254.0825 1145.093 349.3003 1036.534 326.2413 961.132 464.4489 905.1917 595.989 1257.04 375.6369 1302.943 533.5039 1309.634 671.8025 1066.192 638.7389 1010.192 622.3494 961.1201 855.844 961.1727 1089.364 1125.495 645.4195 1108.996 872.2224 1063.047 1092.525 1119.017 227.7131 1168.211 234.2761 1099.22 217.8215 1204.471 224.4234 1141.906 1158.323 1141.905 1141.954 1039.906 1115.474 977.4837 1145.191 951.2186 1141.922 970.9678 1099.229 
1079.16 255.9985 1082.208 342.1985 977.0566 326.2433 919.6353 472.9421 878.0482 603.7302 1184.516 351.7517 1238.645 504.8941 1264.123 648.5572 1037.734 638.8836 983.3452 632.4401 973.7573 855.8857 954.5558 1056.78 1101.471 642.0967 1088.634 855.822 1056.653 1056.637 1056.914 230.5516 1101.483 236.802 1031.395 217.668 1136.409 217.8463 1104.594 1123.806 1110.937 1107.899 1031.236 1063.151 951.5175 1111.035 929.1514 1107.698 957.8979 1066.327 
1079.16 255.9985 1082.208 342.1985 977.0566 326.2433 919.6353 472.9421 878.0482 603.7302 1184.516 351.7517 1238.645 504.8941 1264.123 648.5572 1037.734 638.8836 983.3452 632.4401 973.7573 855.8857 954.5558 1056.78 1101.471 642.0967 1088.634 855.822 1056.653 1056.637 1056.914 230.5516 1101.483 236.802 1031.395 217.668 1136.409 217.8463 1104.594 1123.806 1110.937 1107.899 1031.236 1063.151 951.5175 1111.035 929.1514 1107.698 957.8979 1066.327 
1059.693 243.2056 1059.706 326.2402 954.5727 326.2047 903.4981 488.7833 871.6492 619.5858 1161.97 323.1099 1225.697 472.8724 1257.502 619.5486 1050.18 626.0889 983.3675 626.0964 951.3401 849.2927 910.0197 1034.429 1107.785 626.0277 1136.384 842.9518 1126.864 1082.149 1034.484 217.8596 1082.057 217.8293 1008.684 204.9383 1107.636 208.0991 1123.57 1114.062 1145.988 1110.853 1110.805 1104.519 954.657 1107.657 928.9938 1104.417 903.5447 1047.109 
1059.693 243.2056 1059.706 326.2402 954.5727 326.2047 903.4981 488.7833 871.6492 619.5858 1161.97 323.1099 1225.697 472.8724 1257.502 619.5486 1050.18 626.0889 983.3675 626.0964 951.3401 849.2927 910.0197 1034.429 1107.785 626.0277 1136.384 842.9518 1126.864 1082.149 1034.484 217.8596 1082.057 217.8293 1008.684 204.9383 1107.636 208.0991 1123.57 1114.062 1145.988 1110.853 1110.805 1104.519 954.657 1107.657 928.9938 1104.417 903.5447 1047.109 
1059.693 243.2056 1059.706 326.2402 954.5727 326.2047 903.4981 488.7833 871.6492 619.5858 1161.97 323.1099 1225.697 472.8724 1257.502 619.5486 1050.18 626.0889 983.3675 626.0964 951.3401 849.2927 910.0197 1034.429 1107.785 626.0277 1136.384 842.9518 1126.864 1082.149 1034.484 217.8596 1082.057 217.8293 1008.684 204.9383 1107.636 208.0991 1123.57 1114.062 1145.988 1110.853 1110.805 1104.519 954.657 1107.657 928.9938 1104.417 903.5447 1047.109 
1036.246 237.4695 1036.304 316.4194 925.8754 322.826 881.6501 480.7048 856.3387 616.4806 1146.661 307.0762 1219.329 442.8164 1235.193 591.0011 1033.168 616.4031 973.0292 616.4588 925.7585 821.7376 859.5548 1017.351 1099.316 613.2685 1156.267 821.6236 1219.334 1039.411 1017.249 215.3329 1049.081 212.2608 973.1403 196.6035 1071.12 190.2328 1241.452 1080.487 1257.26 1070.998 1203.712 1064.668 913.1367 1089.917 875.3781 1077.382 846.7676 1023.598 
1036.246 237.4695 1036.304 316.4194 925.8754 322.826 881.6501 480.7048 856.3387 616.4806 1146.661 307.0762 1219.329 442.8164 1235.193 591.0011 1033.168 616.4031 973.0292 616.4588 925.7585 821.7376 859.5548 1017.351 1099.316 613.2685 1156.267 821.6236 1219.334 1039.411 1017.249 215.3329 1049.081 212.2608 973.1403 196.6035 1071.12 190.2328 1241.452 1080.487 1257.26 1070.998 1203.712 1064.668 913.1367 1089.917 875.3781 1077.382 846.7676 1023.598 
1048.623 265.2351 1045.421 355.537 939.0271 371.58 890.7447 519.913 868.244 655.2762 1151.803 345.8639 1258.314 477.8869 1280.74 629.3918 1055.107 655.3806 990.6269 658.5699 935.7155 864.856 864.782 1045.367 1122.724 652.0555 1229.263 842.3191 1335.671 1022.901 1022.964 242.723 1067.992 239.3915 987.3419 233.0062 1080.93 226.5157 1384.06 1093.711 1400.127 1074.442 1332.377 1045.527 910.0786 1097.008 884.1771 1096.949 845.5937 1055.092 
1048.623 265.2351 1045.421 355.537 939.0271 371.58 890.7447 519.913 868.244 655.2762 1151.803 345.8639 1258.314 477.8869 1280.74 629.3918 1055.107 655.3806 990.6269 658.5699 935.7155 864.856 864.782 1045.367 1122.724 652.0555 1229.263 842.3191 1335.671 1022.901 1022.964 242.723 1067.992 239.3915 987.3419 233.0062 1080.93 226.5157 1384.06 1093.711 1400.127 1074.442 1332.377 1045.527 910.0786 1097.008 884.1771 1096.949 845.5937 1055.092 
1177.742 302.3788 1177.97 334.8106 1074.019 328.4359 1006.037 490.485 954.2063 636.3436 1284.764 331.5882 1375.656 425.5111 1472.973 506.7879 1145.421 633.0396 1093.507 626.6172 1028.778 843.8521 1206.967 834.1368 1200.457 633.176 1119.531 895.6772 1074.22 1122.775 1155.02 282.8736 1200.472 282.9359 1125.918 247.2618 1229.793 247.413 993.0333 1138.908 1012.513 1151.787 1090.262 1148.615 1203.63 892.4498 1190.864 889.2048 1232.871 814.6436 
1177.742 302.3788 1177.97 334.8106 1074.019 328.4359 1006.037 490.485 954.2063 636.3436 1284.764 331.5882 1375.656 425.5111 1472.973 506.7879 1145.421 633.0396 1093.507 626.6172 1028.778 843.8521 1206.967 834.1368 1200.457 633.176 1119.531 895.6772 1074.22 1122.775 1155.02 282.8736 1200.472 282.9359 1125.918 247.2618 1229.793 247.413 993.0333 1138.908 1012.513 1151.787 1090.262 1148.615 1203.63 892.4498 1190.864 889.2048 1232.871 814.6436 
1177.742 302.3788 1177.97 334.8106 1074.019 328.4359 1006.037 490.485 954.2063 636.3436 1284.764 331.5882 1375.656 425.5111 1472.973 506.7879 1145.421 633.0396 1093.507 626.6172 1028.778 843.8521 1206.967 834.1368 1200.457 633.176 1119.531 895.6772 1074.22 1122.775 1155.02 282.8736 1200.472 282.9359 1125.918 247.2618 1229.793 247.413 993.0333 1138.908 1012.513 1151.787 1090.262 1148.615 1203.63 892.4498 1190.864 889.2048 1232.871 814.6436 
1131.231 317.3629 1140.675 345.9049 1029.942 349.1683 950.8325 501.1488 877.891 643.661 1248.341 339.6519 1371.827 399.7903 1489.055 466.3403 1102.66 643.4866 1048.932 637.2367 1020.418 846.3164 1128.1 878.0095 1156.518 646.691 1089.982 849.4107 1051.901 1099.64 1115.312 292.2057 1153.479 292.2962 1083.669 263.5226 1181.943 263.6922 972.9516 1127.95 998.1458 1131.283 1067.813 1124.716 1147.075 919.0184 1162.893 868.3195 1153.45 874.8353 
1131.231 317.3629 1140.675 345.9049 1029.942 349.1683 950.8325 501.1488 877.891 643.661 1248.341 339.6519 1371.827 399.7903 1489.055 466.3403 1102.66 643.4866 1048.932 637.2367 1020.418 846.3164 1128.1 878.0095 1156.518 646.691 1089.982 849.4107 1051.901 1099.64 1115.312 292.2057 1153.479 292.2962 1083.669 263.5226 1181.943 263.6922 972.9516 1127.95 998.1458 1131.283 1067.813 1124.716 1147.075 919.0184 1162.893 868.3195 1153.45 874.8353 
1172.82 337.0703 1186.13 360.3426 1076.183 383.6064 986.3854 516.7664 909.7399 636.6955 1292.771 333.8669 1452.416 357.0935 1585.761 383.5811 1172.696 660.0416 1112.784 656.6888 1102.936 896.3752 1026.434 1086.255 1232.666 663.3748 1192.749 899.7954 1139.473 1136.236 1155.975 313.8498 1192.82 317.17 1122.865 277.1876 1232.594 287.113 1216.109 1182.579 1212.736 1162.81 1122.76 1159.471 1079.489 1152.785 1046.187 1152.713 1016.284 1099.553 
1148.923 323.2733 1145.53 336.1509 1048.839 365.1424 993.9293 458.7095 948.9222 552.1614 1242.226 300.6722 1345.513 294.3851 1374.542 268.3843 1148.676 636.1344 1097.065 642.5517 1071.415 865.0559 993.9493 1061.755 1200.276 632.8392 1303.658 787.5031 1181.021 971.4985 1129.449 300.7879 1174.46 300.6861 1100.437 271.5601 1200.283 271.5678 1222.909 1026.273 1226.213 1016.552 1152.071 987.5306 1064.847 1122.99 1032.652 1123 968.309 1071.345 
1214.294 322.8574 1220.734 329.355 1123.183 342.3592 1080.937 479.039 1090.635 592.9078 1318.409 319.6881 1341.036 475.7918 1181.774 482.3348 1240.329 628.7144 1185.126 638.4487 1230.52 872.837 1201.319 1097.198 1295.595 615.6802 1363.97 794.5345 1289.221 931.2429 1198.036 300.0891 1237.106 300.1646 1168.736 267.5025 1269.581 270.8502 1324.889 1038.576 1334.667 1025.659 1263.104 941.0092 1292.41 1142.76 1266.419 1152.448 1181.663 1110.183 
1221.411 322.4899 1199.467 316.3481 1104.733 309.8866 1035.278 388.6854 1098.504 366.6494 1300.128 338.3012 1375.822 414.0517 1432.729 508.5518 1218.21 615.7621 1167.706 612.6984 1095.331 770.5124 1224.511 918.5204 1268.718 615.8624 1271.88 839.7438 1322.265 1022.788 1199.383 316.0829 1230.859 309.7973 1155.173 287.6994 1246.768 265.8578 1287.627 1082.639 1316.047 1079.489 1328.723 1035.305 1180.347 994.2059 1180.413 972.2427 1249.797 921.6642 
1253.084 323.6916 1233.44 323.803 1137.774 323.8198 1095.123 416.0902 1207.061 393.0505 1332.311 317.2676 1391.647 346.8323 1460.696 353.4624 1226.731 623.728 1177.383 623.6713 1147.637 861.0029 1332.4 795.0234 1276.074 623.7552 1183.996 877.3996 1164.236 1121.311 1226.966 303.9347 1272.955 300.7194 1193.821 261.2101 1286.169 267.8336 1081.747 1124.616 1095.137 1141.125 1174.217 1147.667 1332.355 880.8303 1328.841 870.9122 1352.076 772.072 
1200.563 326.5883 1177.95 349.0878 1090.855 374.8686 991.0014 491.0078 936.0626 597.4734 1274.741 320.2199 1410.157 320.1326 1448.883 371.6346 1181.22 649.07 1136.051 649.0521 1126.416 884.4401 1048.942 1071.437 1229.548 649.0533 1251.985 861.8506 1190.793 1078.019 1177.932 316.7633 1222.963 304.0537 1145.7 275.0487 1239.193 274.9514 1265.016 1116.571 1252.236 1097.43 1168.215 1097.424 1132.748 1123.086 1103.737 1126.289 1029.601 1084.414 
1229.309 271.6181 1206.583 294.2904 1119.606 294.1592 1058.345 349.0189 1029.291 378.1552 1293.657 297.3346 1332.399 239.4261 1200.321 168.6436 1219.525 594.0111 1171.234 603.6303 1226.13 839.1343 1251.865 1084.098 1261.482 581.2446 1342.007 761.6284 1174.36 752.0001 1219.398 249.0602 1251.698 252.295 1174.568 223.3565 1261.46 210.4151 1171.038 784.3102 1174.387 787.4613 1148.493 739.1664 1332.362 1100.28 1306.653 1116.301 1242.115 1100.295 
1286.097 307.7423 1292.757 345.2213 1187.249 341.8333 1132.849 481.5195 1118.998 607.6312 1388.381 345.2651 1487.247 478.3146 1367.919 481.6662 1296.284 645.2005 1241.692 645.2749 1265.471 897.4144 1296.184 1132.675 1350.891 641.8058 1347.577 883.7196 1395.101 1081.546 1265.605 283.8749 1303.18 283.8894 1231.603 256.659 1337.208 256.6868 1344.02 1142.943 1374.684 1142.926 1405.589 1098.539 1214.472 1183.838 1217.933 1166.74 1316.777 1156.435 
1183.261 254.5038 1209.645 293.932 1114.021 274.3398 1011.943 359.7779 1021.863 247.9785 1311.645 303.8651 1410.621 405.9192 1479.685 544.244 1199.733 593.7681 1147.141 590.3974 1068.017 781.446 1196.516 906.4568 1249.246 603.549 1173.285 827.5184 1252.59 1015.329 1166.768 231.4657 1203.117 234.7555 1143.663 205.1052 1245.797 208.3196 1212.865 1087.666 1242.552 1081.184 1278.75 1021.898 1146.932 965.8411 1143.775 956.0037 1222.858 906.5975 
1120.136 297.2306 1116.987 341.4633 1016.071 341.254 908.917 439.03 852.138 533.733 1217.948 344.4916 1325.216 420.2069 1454.355 508.4958 1069.805 637.7299 1019.279 628.2991 971.944 826.9023 1076.141 915.2038 1123.269 644.0104 1044.475 852.1949 1012.92 1091.778 1098.041 281.3809 1139.143 281.3979 1069.825 249.9585 1170.53 256.1458 921.5144 1120.044 946.7012 1123.262 1022.481 1110.732 1091.775 981.4037 1076.005 972.1584 1104.443 912.0197 
1138.177 293.775 1112.593 319.4144 1029.783 338.4286 962.8372 440.3036 927.8082 520.023 1204.985 300.3339 1300.469 316.1232 1240.076 252.4737 1093.479 618.8049 1048.843 621.9835 1033.118 848.214 972.3381 1026.609 1141.28 615.5836 1255.969 749.5183 1169.87 956.5212 1125.342 268.5465 1160.498 271.568 1084.107 243.0196 1185.898 246.1921 1217.727 981.9277 1214.572 975.5745 1147.611 975.5977 1010.602 1099.791 981.9968 1090.278 953.1851 1032.867 
1196.08 317.2097 1196.29 352.6051 1097.76 366.5208 1062.533 514.0699 1052.025 637.2136 1305.232 345.3853 1389.381 472.0057 1312.232 489.6281 1224.405 651.2847 1168.081 661.7229 1206.766 893.9171 1217.194 1125.873 1280.752 637.2273 1350.845 834.143 1315.778 1055.475 1171.628 292.6307 1220.665 292.6662 1140.025 261.0479 1248.883 264.5282 1357.785 1164.466 1364.966 1146.941 1294.623 1073.091 1305.064 1175.144 1273.492 1182.131 1196.102 1140.028 
1207.799 326.0181 1239.947 375.8308 1133.016 361.5903 1072.116 482.9808 1032.861 607.8786 1336.515 382.8872 1440.127 475.8725 1525.722 590.1266 1243.483 675.81 1186.556 672.1988 1104.29 854.3357 1225.843 1015.121 1297.081 679.462 1297.129 904.3367 1357.83 1097.224 1186.355 300.913 1225.782 301.0443 1157.959 272.4678 1268.731 272.4338 1307.918 1161.584 1343.63 1161.464 1379.305 1104.385 1154.331 1064.95 1157.887 1043.771 1265.014 1036.411 
1225.96 336.7372 1248.115 388.2675 1133.634 377.3841 1104.036 547.1722 1078.384 698.3193 1358.814 391.9496 1458.275 513.664 1524.831 643.0401 1222.392 687.1627 1166.936 687.1653 1185.276 934.4509 1399.306 915.9774 1281.122 683.603 1222.277 934.4319 1192.615 1196.433 1207.481 310.8994 1251.8 310.9353 1181.72 281.4672 1299.736 274.0119 1133.746 1200.218 1152.152 1218.525 1196.431 1225.924 1380.963 1011.846 1373.443 993.4921 1425.253 897.6187 
1051.053 300.4632 1083.879 343.2534 985.1635 333.4298 948.971 435.5693 906.1973 540.649 1176.16 349.7158 1225.358 491.4376 1143.246 491.3147 1067.475 642.8046 1014.803 642.7374 1034.523 873.1944 1146.626 1004.912 1120.137 642.8606 1087.183 866.6395 1060.88 1083.958 1034.574 277.3499 1070.778 277.3541 1011.523 254.3137 1116.858 247.6785 1060.811 1126.76 1087.225 1120.225 1047.679 1093.942 1129.956 1083.861 1116.71 1067.532 1172.942 1004.962 
1087.874 350.2269 1087.914 403.3149 975.1406 382.0719 897.4689 516.1694 858.4675 632.5322 1197.491 413.908 1296.293 523.3148 1356.254 608.1128 1042.188 699.8096 989.1439 692.6301 932.6727 925.7186 1105.696 1049.106 1098.559 713.8768 989.1538 939.783 936.2018 1186.809 1063.274 322.1886 1112.682 322.201 1031.725 293.867 1147.998 293.8016 862.2238 1183.358 886.7217 1197.525 943.1676 1222.035 1052.676 1116.134 1049.187 1105.655 1137.431 1042.091 
924.0041 278.117 911.7479 323.6505 817.4333 329.8295 744.4025 396.9044 716.6618 497.2836 1000.181 305.5687 1079.406 265.8127 1003.183 226.2542 884.4254 622.4037 838.5958 622.42 786.8201 832.585 695.5491 1012.407 933.0961 622.4027 987.8974 792.9148 850.9236 960.5816 908.663 256.7891 942.287 256.6768 872.1971 244.5064 972.7794 232.4928 905.7526 1006.32 905.7389 991.1024 820.4732 969.7055 765.4412 1067.242 735.1294 1070.226 674.2603 1024.536 
1003.217 235.0649 984.4136 266.2584 887.8143 281.8795 815.9307 363.1388 806.4155 487.9395 1071.984 259.8359 1181.257 225.6584 1112.494 169.4352 975.0924 566.1135 931.4165 578.5148 984.5433 806.4537 984.3769 1040.721 1015.728 562.8566 1106.172 737.6786 928.3093 734.67 984.3569 213.1531 1018.894 213.094 950.096 191.2425 1046.938 191.2354 912.6421 775.2802 937.6481 887.6445 900.1967 722.1321 1065.761 1081.219 1037.643 1084.466 962.6207 1062.57 
1193.714 342.1071 1142.081 373.3776 1038.528 390.4156 952.5074 542.1763 979.8794 673.2175 1245.335 369.6805 1307.557 435.1975 1421.219 459.3519 1155.747 673.0662 1097.142 676.514 1086.656 904.0496 1093.665 1155.776 1217.728 669.6354 1183.404 907.5918 1200.776 1086.863 1172.88 317.9543 1207.537 317.9499 1117.809 273.1999 1169.552 255.9314 1148.931 1145.357 1179.872 1145.359 1224.553 1097.179 1031.749 1217.739 1031.547 1200.577 1114.425 1176.427 
1241.251 310.9853 1191.832 330.7066 1096.205 330.8871 970.8317 409.9186 891.6512 515.4127 1280.954 327.4911 1386.585 380.1622 1478.805 413.1783 1148.97 627.6288 1119.264 630.9431 1241.331 842.0768 1247.864 1089.478 1181.878 624.3835 1172 855.288 1039.892 1023.567 1224.749 294.4809 1254.671 297.6859 1178.642 251.695 1119.241 244.9218 1096.069 1106.055 1089.55 1096.137 1010.282 1036.713 1330.293 1082.899 1307.41 1096.168 1231.335 1112.592 
1308.934 349.696 1258.649 359.7054 1158.052 359.6868 1023.814 466.9814 949.9066 577.9362 1359.319 359.706 1459.857 423.5483 1570.474 493.9577 1228.512 658.1879 1174.794 661.6316 1248.474 893.0286 1271.969 1117.906 1282.147 651.6151 1349.128 846.2178 1221.852 973.608 1298.739 332.7294 1329.113 332.8317 1248.794 282.6084 1137.925 249.0105 1288.783 1007.178 1117.743 1097.666 1191.587 976.894 1335.864 1134.51 1322.312 1141.304 1252.018 1141.356 
1026.88 304.74 1078.03 353.3046 967.1143 378.8535 987.1567 540.7926 1086.597 643.1272 1183.276 330.5135 1254.345 486.8236 1194.647 617.5751 1129.312 648.889 1075.255 668.671 1146.37 879.1419 1166.18 1038.367 1191.782 643.0828 1214.626 873.3243 1191.737 1038.366 1001.325 282.1084 1041.121 270.8225 1078.192 242.3828 1080.93 236.5956 1109.345 964.3388 1137.78 964.2803 1194.651 1038.397 981.4535 964.327 987.14 950.1943 1157.7 1038.383 
1140.71 297.8496 1164.605 366.7715 1050.698 354.7564 1023.762 528.6873 1110.599 657.6575 1278.677 372.7607 1338.687 558.6324 1215.74 663.7266 1161.538 666.7558 1089.784 666.691 1065.665 888.732 1209.737 996.6086 1230.56 678.7026 1248.626 900.7272 1242.703 1095.767 1116.836 273.8712 1164.625 273.7482 1095.637 258.7957 1209.735 249.6968 1170.673 1017.65 1200.68 1017.589 1260.695 1095.803 1203.693 1050.692 1197.626 1044.651 1227.678 993.6893 
1035.091 262.8991 1081.697 332.849 982.6223 318.2813 962.2405 478.5764 988.3134 603.8826 1177.967 338.7722 1247.745 501.9098 1148.617 609.6304 1040.9 630.0621 988.5311 618.5125 909.7591 825.3311 851.6917 1035.05 1099.152 638.7833 1011.676 845.6548 1043.788 1064.255 1014.708 239.6188 1058.285 236.7064 1043.855 216.3458 1104.936 210.553 997.1741 1040.939 1017.571 1064.289 1049.697 1064.293 834.0706 1064.275 822.3393 1043.853 863.1196 1043.836 
1143.972 341.2197 1200.309 394.0977 1097.845 361.0182 1045.061 519.6696 1045.051 664.9203 1302.63 433.6842 1375.339 622.0813 1236.642 731.147 1114.306 681.5061 1051.576 664.9819 892.9709 853.252 883.0215 1071.557 1170.559 701.4562 1061.506 936.0591 1068.224 1157.327 1124.166 318.0927 1157.371 318.0634 1183.78 245.3462 1223.322 281.8193 1067.985 1180.582 1091.238 1180.535 1068.132 1173.737 777.3666 1147.431 777.4022 1137.417 902.8707 1094.554 
1218.881 371.7951 1305.063 428.0449 1207.52 383.264 1155.3 551.6324 1181.264 701.5182 1413.656 465.4933 1481.041 683.03 1361.314 840.327 1237.557 720.3514 1173.784 697.9924 1005.351 877.7465 1065.262 1083.842 1301.154 735.5489 1230.075 1001.544 1218.881 1278.795 1211.347 342.0661 1241.295 345.5804 1342.486 278.2391 1305.125 315.841 1121.352 1312.424 1151.234 1327.409 1241.245 1305.08 1035.175 1125.163 1027.585 1121.435 1091.513 1095.073 
1203.86 424.0998 1312.441 462.7179 1192.312 447.3518 1168.998 606.2585 1203.906 753.7328 1421.192 482.0081 1584.128 656.6705 1568.513 854.5448 1285.28 761.4858 1223.182 753.7756 1126.328 970.9136 1285.349 1099.096 1347.342 769.2516 1258.239 1013.856 1304.798 1289.403 1192.415 400.7464 1223.259 412.284 1390.186 288.1252 1285.349 377.3693 1196.204 1324.112 1231.038 1339.715 1324.23 1316.409 1250.461 1145.657 1242.701 1145.637 1320.331 1095.221 
1176.82 464.3999 1278.115 507.1962 1169.09 491.6069 1169.031 658.9796 1223.508 795.1234 1383.209 514.8491 1488.29 670.5763 1394.923 826.341 1289.666 806.9738 1227.33 803.0741 1130.176 1009.296 1258.717 1188.49 1351.969 810.8518 1387.096 1040.572 1418.419 1285.74 1165.341 444.9217 1196.229 448.5645 1394.934 289.1092 1254.724 413.7257 1464.919 1348.198 1480.636 1328.769 1414.249 1297.641 1165.083 1231.299 1169.024 1223.501 1289.681 1200.068 
NaN NaN NaN NaN NaN NaN NaN NaN NaN NaN NaN NaN NaN NaN NaN NaN NaN NaN NaN NaN NaN NaN NaN NaN NaN NaN NaN NaN NaN NaN NaN NaN NaN NaN NaN NaN NaN NaN NaN NaN NaN NaN NaN NaN NaN NaN NaN NaN NaN NaN 
1015.752 194.4112 1028.163 334.8159 915.8145 331.8667 893.8895 487.9113 872.058 622.1967 1134.263 334.8557 1193.672 491.1649 1190.675 653.4547 1018.892 634.6726 959.4484 634.6569 900.1965 859.4654 862.6269 1050.075 1084.523 634.653 1184.28 859.4541 1268.644 1065.707 993.8102 175.6617 1037.661 169.4846 962.5687 188.0919 1062.655 184.9604 1281.167 1112.47 1299.836 1106.273 1274.93 1084.328 903.2508 1109.415 872.0456 1109.373 853.2869 1059.519 
1015.752 194.4112 1028.163 334.8159 915.8145 331.8667 893.8895 487.9113 872.058 622.1967 1134.263 334.8557 1193.672 491.1649 1190.675 653.4547 1018.892 634.6726 959.4484 634.6569 900.1965 859.4654 862.6269 1050.075 1084.523 634.653 1184.28 859.4541 1268.644 1065.707 993.8102 175.6617 1037.661 169.4846 962.5687 188.0919 1062.655 184.9604 1281.167 1112.47 1299.836 1106.273 1274.93 1084.328 903.2508 1109.415 872.0456 1109.373 853.2869 1059.519 
1040.905 186.6835 1043.891 303.6123 947.9631 294.4185 921.0383 441.3369 881.968 564.2996 1142.779 324.4381 1169.725 489.2754 1133.826 633.0684 998.9484 600.2267 944.823 585.3232 848.9139 776.9908 804.011 977.8975 1064.768 609.2542 1079.864 825.0977 1067.931 1010.855 1019.88 168.5639 1064.785 168.5567 995.8326 177.5186 1091.854 174.6303 1088.734 1067.664 1103.814 1058.84 1058.874 1019.872 783.1419 1040.795 771.0987 1028.852 813.0452 995.8282 
1040.905 186.6835 1043.891 303.6123 947.9631 294.4185 921.0383 441.3369 881.968 564.2996 1142.779 324.4381 1169.725 489.2754 1133.826 633.0684 998.9484 600.2267 944.823 585.3232 848.9139 776.9908 804.011 977.8975 1064.768 609.2542 1079.864 825.0977 1067.931 1010.855 1019.88 168.5639 1064.785 168.5567 995.8326 177.5186 1091.854 174.6303 1088.734 1067.664 1103.814 1058.84 1058.874 1019.872 783.1419 1040.795 771.0987 1028.852 813.0452 995.8282 
1040.905 186.6835 1043.891 303.6123 947.9631 294.4185 921.0383 441.3369 881.968 564.2996 1142.779 324.4381 1169.725 489.2754 1133.826 633.0684 998.9484 600.2267 944.823 585.3232 848.9139 776.9908 804.011 977.8975 1064.768 609.2542 1079.864 825.0977 1067.931 1010.855 1019.88 168.5639 1064.785 168.5567 995.8326 177.5186 1091.854 174.6303 1088.734 1067.664 1103.814 1058.84 1058.874 1019.872 783.1419 1040.795 771.0987 1028.852 813.0452 995.8282 
1104.048 207.6714 1107.156 317.4063 994.4442 301.6522 956.7629 448.9718 915.993 565.1221 1213.837 339.3634 1238.702 511.6329 1198.179 655.8974 1050.864 612.0778 988.1986 602.6144 866.0523 787.5905 765.6132 956.7695 1113.616 621.4066 1135.421 828.2174 1185.571 1044.511 1088.311 182.5621 1129.181 185.7077 1063.387 179.4093 1163.763 185.735 1116.599 1113.459 1138.636 1113.47 1201.299 1063.349 734.2411 1038.347 715.4996 1022.668 765.6245 959.966 
1104.048 207.6714 1107.156 317.4063 994.4442 301.6522 956.7629 448.9718 915.993 565.1221 1213.837 339.3634 1238.702 511.6329 1198.179 655.8974 1050.864 612.0778 988.1986 602.6144 866.0523 787.5905 765.6132 956.7695 1113.616 621.4066 1135.421 828.2174 1185.571 1044.511 1088.311 182.5621 1129.181 185.7077 1063.387 179.4093 1163.763 185.735 1116.599 1113.459 1138.636 1113.47 1201.299 1063.349 734.2411 1038.347 715.4996 1022.668 765.6245 959.966 
1082.428 244.4528 1085.327 332.9087 984.8874 311.4754 914.701 439.4709 856.8874 549.285 1191.937 357.2703 1225.52 518.7354 1204.095 655.8345 1018.343 625.3351 960.3499 610.0989 814.0701 768.4929 695.5298 899.5205 1085.229 640.5291 1109.739 841.5125 1155.383 1030.553 1064.104 217.1253 1106.804 226.2213 1045.759 207.9454 1146.282 214.0407 1088.461 1082.134 1118.821 1082.228 1173.691 1045.726 667.9059 981.6697 649.6677 963.5372 692.2906 902.5853 
1082.428 244.4528 1085.327 332.9087 984.8874 311.4754 914.701 439.4709 856.8874 549.285 1191.937 357.2703 1225.52 518.7354 1204.095 655.8345 1018.343 625.3351 960.3499 610.0989 814.0701 768.4929 695.5298 899.5205 1085.229 640.5291 1109.739 841.5125 1155.383 1030.553 1064.104 217.1253 1106.804 226.2213 1045.759 207.9454 1146.282 214.0407 1088.461 1082.134 1118.821 1082.228 1173.691 1045.726 667.9059 981.6697 649.6677 963.5372 692.2906 902.5853 
1072.215 247.5486 1072.471 326.0034 976.0247 301.8995 903.7551 422.2265 831.6338 539.6049 1177.744 352.9588 1216.784 509.4124 1210.702 638.9434 991.098 614.7565 927.9142 596.7144 801.3653 759.4554 729.2028 897.801 1048.404 632.8093 1075.457 825.527 1102.532 1006.194 1051.359 223.4561 1093.535 226.4791 1033.282 208.5326 1135.574 217.4361 1096.394 1066.267 1120.578 1054.249 1108.462 1021.052 696.0505 973.0417 681.0807 958.0026 732.1273 903.9102 
1072.215 247.5486 1072.471 326.0034 976.0247 301.8995 903.7551 422.2265 831.6338 539.6049 1177.744 352.9588 1216.784 509.4124 1210.702 638.9434 991.098 614.7565 927.9142 596.7144 801.3653 759.4554 729.2028 897.801 1048.404 632.8093 1075.457 825.527 1102.532 1006.194 1051.359 223.4561 1093.535 226.4791 1033.282 208.5326 1135.574 217.4361 1096.394 1066.267 1120.578 1054.249 1108.462 1021.052 696.0505 973.0417 681.0807 958.0026 732.1273 903.9102 
1072.215 247.5486 1072.471 326.0034 976.0247 301.8995 903.7551 422.2265 831.6338 539.6049 1177.744 352.9588 1216.784 509.4124 1210.702 638.9434 991.098 614.7565 927.9142 596.7144 801.3653 759.4554 729.2028 897.801 1048.404 632.8093 1075.457 825.527 1102.532 1006.194 1051.359 223.4561 1093.535 226.4791 1033.282 208.5326 1135.574 217.4361 1096.394 1066.267 1120.578 1054.249 1108.462 1021.052 696.0505 973.0417 681.0807 958.0026 732.1273 903.9102 
1131.545 246.8458 1134.772 339.4767 1026.127 313.8752 952.7024 444.8315 882.4885 566.1274 1240.355 368.1699 1288.119 524.5644 1288.052 668.4183 1039.008 623.7814 981.5182 604.571 882.4816 805.7274 853.7902 1006.984 1106.098 639.6808 1096.519 847.2856 1102.88 1064.538 1112.342 221.1602 1157.16 224.5062 1090.137 211.6086 1192.394 218.1605 1176.276 1131.53 1179.535 1112.393 1083.645 1086.8 857.0061 1067.769 831.4346 1061.371 856.9362 1013.5 
1131.545 246.8458 1134.772 339.4767 1026.127 313.8752 952.7024 444.8315 882.4885 566.1274 1240.355 368.1699 1288.119 524.5644 1288.052 668.4183 1039.008 623.7814 981.5182 604.571 882.4816 805.7274 853.7902 1006.984 1106.098 639.6808 1096.519 847.2856 1102.88 1064.538 1112.342 221.1602 1157.16 224.5062 1090.137 211.6086 1192.394 218.1605 1176.276 1131.53 1179.535 1112.393 1083.645 1086.8 857.0061 1067.769 831.4346 1061.371 856.9362 1013.5 
1127.235 258.4904 1130.537 354.1971 1018.321 331.0931 961.9087 483.0917 909.0225 618.5121 1249.266 374.0982 1298.886 532.575 1312.125 674.7621 1071.01 648.2321 1014.796 641.5862 991.9036 882.617 988.4856 1094.077 1130.424 654.8595 1113.98 886.043 1070.979 1097.377 1117.146 232.0069 1153.608 238.695 1090.746 218.7774 1196.59 222.1052 1146.965 1163.509 1146.981 1147.067 1044.744 1117.278 988.3584 1150.243 962.1315 1143.653 995.0308 1104.022 
1127.235 258.4904 1130.537 354.1971 1018.321 331.0931 961.9087 483.0917 909.0225 618.5121 1249.266 374.0982 1298.886 532.575 1312.125 674.7621 1071.01 648.2321 1014.796 641.5862 991.9036 882.617 988.4856 1094.077 1130.424 654.8595 1113.98 886.043 1070.979 1097.377 1117.146 232.0069 1153.608 238.695 1090.746 218.7774 1196.59 222.1052 1146.965 1163.509 1146.981 1147.067 1044.744 1117.278 988.3584 1150.243 962.1315 1143.653 995.0308 1104.022 
1064.574 249.2383 1061.446 338.4239 956.4359 328.9045 905.4003 478.6104 873.5143 612.2805 1169.686 341.6339 1230.276 491.2227 1258.989 628.3284 1042.369 637.8167 981.8375 634.6395 956.3375 854.4172 930.9073 1054.917 1105.968 637.8381 1109.363 854.3748 1080.644 1048.715 1051.74 226.9077 1086.859 230.1222 1013.717 214.1634 1115.564 214.1993 1086.907 1115.588 1109.194 1109.076 1061.39 1058.207 953.0953 1106.091 927.5935 1105.865 930.8734 1061.392 
1064.574 249.2383 1061.446 338.4239 956.4359 328.9045 905.4003 478.6104 873.5143 612.2805 1169.686 341.6339 1230.276 491.2227 1258.989 628.3284 1042.369 637.8167 981.8375 634.6395 956.3375 854.4172 930.9073 1054.917 1105.968 637.8381 1109.363 854.3748 1080.644 1048.715 1051.74 226.9077 1086.859 230.1222 1013.717 214.1634 1115.564 214.1993 1086.907 1115.588 1109.194 1109.076 1061.39 1058.207 953.0953 1106.091 927.5935 1105.865 930.8734 1061.392 
1064.574 249.2383 1061.446 338.4239 956.4359 328.9045 905.4003 478.6104 873.5143 612.2805 1169.686 341.6339 1230.276 491.2227 1258.989 628.3284 1042.369 637.8167 981.8375 634.6395 956.3375 854.4172 930.9073 1054.917 1105.968 637.8381 1109.363 854.3748 1080.644 1048.715 1051.74 226.9077 1086.859 230.1222 1013.717 214.1634 1115.564 214.1993 1086.907 1115.588 1109.194 1109.076 1061.39 1058.207 953.0953 1106.091 927.5935 1105.865 930.8734 1061.392 
1032.091 235.0883 1032.042 313.2929 928.8356 316.4826 878.9042 478.8839 850.7803 610.0757 1135.075 310.0504 1197.6 444.5513 1225.819 588.3231 1028.863 613.276 963.381 613.3212 922.6318 816.3604 869.5171 1010.163 1088.237 613.2177 1128.935 813.4005 1159.999 1047.634 1010.215 213.1732 1050.762 210.2214 972.7047 191.5445 1069.556 194.4982 1144.575 1088.316 1175.79 1085.243 1147.656 1066.415 931.9188 1081.923 897.6551 1072.692 860.0782 1016.466 
1032.091 235.0883 1032.042 313.2929 928.8356 316.4826 878.9042 478.8839 850.7803 610.0757 1135.075 310.0504 1197.6 444.5513 1225.819 588.3231 1028.863 613.276 963.381 613.3212 922.6318 816.3604 869.5171 1010.163 1088.237 613.2177 1128.935 813.4005 1159.999 1047.634 1010.215 213.1732 1050.762 210.2214 972.7047 191.5445 1069.556 194.4982 1144.575 1088.316 1175.79 1085.243 1147.656 1066.415 931.9188 1081.923 897.6551 1072.692 860.0782 1016.466 
1091.708 260.0845 1091.566 361.0331 983.6661 364.5853 930.0825 522.6957 909.6925 667.4257 1202.616 347.5345 1310.292 488.881 1330.553 640.3794 1104.942 660.7347 1037.641 664.088 980.3423 882.7794 899.5407 1088.096 1169.029 660.5536 1276.576 879.3937 1377.604 1081.431 1067.971 243.1659 1115.066 233.1701 1027.581 229.881 1128.595 226.5 1424.746 1142.04 1438.168 1125.14 1367.567 1098.296 953.5461 1145.443 926.509 1145.361 876.1202 1094.924 
1091.708 260.0845 1091.566 361.0331 983.6661 364.5853 930.0825 522.6957 909.6925 667.4257 1202.616 347.5345 1310.292 488.881 1330.553 640.3794 1104.942 660.7347 1037.641 664.088 980.3423 882.7794 899.5407 1088.096 1169.029 660.5536 1276.576 879.3937 1377.604 1081.431 1067.971 243.1659 1115.066 233.1701 1027.581 229.881 1128.595 226.5 1424.746 1142.04 1438.168 1125.14 1367.567 1098.296 953.5461 1145.443 926.509 1145.361 876.1202 1094.924 
1065.653 271.1723 1055.962 365.5637 948.4673 375.4007 906.1448 531.5862 883.3441 665.0948 1166.599 352.4418 1274.12 482.8557 1296.825 635.728 1072.131 665.1276 1003.745 668.3671 948.2935 873.4695 873.6171 1055.769 1134.083 661.7705 1241.495 847.3559 1345.776 1029.909 1046.035 248.3779 1081.881 245.114 1000.641 244.9287 1094.928 235.2976 1394.631 1101.377 1407.576 1081.919 1342.58 1052.637 919.0547 1108.06 889.7792 1107.912 863.6935 1062.429 
1065.653 271.1723 1055.962 365.5637 948.4673 375.4007 906.1448 531.5862 883.3441 665.0948 1166.599 352.4418 1274.12 482.8557 1296.825 635.728 1072.131 665.1276 1003.745 668.3671 948.2935 873.4695 873.6171 1055.769 1134.083 661.7705 1241.495 847.3559 1345.776 1029.909 1046.035 248.3779 1081.881 245.114 1000.641 244.9287 1094.928 235.2976 1394.631 1101.377 1407.576 1081.919 1342.58 1052.637 919.0547 1108.06 889.7792 1107.912 863.6935 1062.429 
1065.653 271.1723 1055.962 365.5637 948.4673 375.4007 906.1448 531.5862 883.3441 665.0948 1166.599 352.4418 1274.12 482.8557 1296.825 635.728 1072.131 665.1276 1003.745 668.3671 948.2935 873.4695 873.6171 1055.769 1134.083 661.7705 1241.495 847.3559 1345.776 1029.909 1046.035 248.3779 1081.881 245.114 1000.641 244.9287 1094.928 235.2976 1394.631 1101.377 1407.576 1081.919 1342.58 1052.637 919.0547 1108.06 889.7792 1107.912 863.6935 1062.429 
1134.836 310.3969 1147.31 338.9236 1039.994 341.857 970.4586 490.4535 897.9199 638.8198 1248.528 338.7542 1349.612 411.4003 1453.843 480.931 1103.174 635.6592 1049.616 629.3552 999.0984 834.6865 1147.41 844.2948 1156.924 638.854 1074.721 866.3522 1046.375 1096.996 1118.957 288.2169 1153.853 288.2432 1090.513 250.3107 1194.854 256.6859 964.2109 1122.064 983.1727 1125.357 1062.127 1122.085 1147.349 904.1955 1141.059 900.9868 1172.581 828.3845 
1134.836 310.3969 1147.31 338.9236 1039.994 341.857 970.4586 490.4535 897.9199 638.8198 1248.528 338.7542 1349.612 411.4003 1453.843 480.931 1103.174 635.6592 1049.616 629.3552 999.0984 834.6865 1147.41 844.2948 1156.924 638.854 1074.721 866.3522 1046.375 1096.996 1118.957 288.2169 1153.853 288.2432 1090.513 250.3107 1194.854 256.6859 964.2109 1122.064 983.1727 1125.357 1062.127 1122.085 1147.349 904.1955 1141.059 900.9868 1172.581 828.3845 
1130.858 318.3636 1137.307 346.8369 1029.414 359.4951 946.9006 508.7644 870.6261 638.8999 1248.411 340.3376 1384.859 391.2057 1511.957 442.0058 1105.604 645.1571 1051.65 635.7148 1029.573 851.7455 1070.705 975.3618 1162.706 648.3947 1102.491 861.1408 1054.898 1102.403 1105.763 296.1192 1153.18 296.1751 1080.219 264.3555 1181.644 267.5669 1010.387 1121.48 1029.468 1127.797 1064.35 1124.667 1029.345 1029.406 1026.272 1023.014 1099.157 975.3529 
1130.858 318.3636 1137.307 346.8369 1029.414 359.4951 946.9006 508.7644 870.6261 638.8999 1248.411 340.3376 1384.859 391.2057 1511.957 442.0058 1105.604 645.1571 1051.65 635.7148 1029.573 851.7455 1070.705 975.3618 1162.706 648.3947 1102.491 861.1408 1054.898 1102.403 1105.763 296.1192 1153.18 296.1751 1080.219 264.3555 1181.644 267.5669 1010.387 1121.48 1029.468 1127.797 1064.35 1124.667 1029.345 1029.406 1026.272 1023.014 1099.157 975.3529 
1148.72 333.5264 1158.658 353.0624 1054.097 379.0639 972.5986 490.0535 897.6157 610.5759 1262.937 327.0065 1403.183 326.8983 1527.192 336.7029 1155.215 653.0427 1099.857 649.8071 1076.996 884.6574 998.7859 1077.07 1210.554 653.0725 1207.384 871.567 1132.411 1109.609 1129.189 317.1311 1168.301 317.1523 1099.777 274.7709 1207.344 281.3412 1210.706 1152.068 1207.438 1135.743 1106.38 1129.152 1070.437 1132.405 1034.69 1132.522 976.0266 1083.645 
1148.72 333.5264 1158.658 353.0624 1054.097 379.0639 972.5986 490.0535 897.6157 610.5759 1262.937 327.0065 1403.183 326.8983 1527.192 336.7029 1155.215 653.0427 1099.857 649.8071 1076.996 884.6574 998.7859 1077.07 1210.554 653.0725 1207.384 871.567 1132.411 1109.609 1129.189 317.1311 1168.301 317.1523 1099.777 274.7709 1207.344 281.3412 1210.706 1152.068 1207.438 1135.743 1106.38 1129.152 1070.437 1132.405 1034.69 1132.522 976.0266 1083.645 
1121.669 319.77 1124.656 338.566 1027.006 363.8908 960.6307 449.1457 900.6968 543.9931 1216.348 310.1946 1323.596 291.2092 1399.362 269.1362 1118.413 638.501 1070.937 638.4929 1033.193 865.8983 970.0403 1045.83 1168.893 638.4855 1244.66 818.5447 1128.02 1014.213 1099.512 303.9215 1143.699 300.7505 1071.14 266.08 1171.994 269.1969 1200.519 1048.989 1197.455 1039.528 1099.599 1026.844 1042.627 1099.585 1011.134 1102.639 947.8789 1052.209 
1121.669 319.77 1124.656 338.566 1027.006 363.8908 960.6307 449.1457 900.6968 543.9931 1216.348 310.1946 1323.596 291.2092 1399.362 269.1362 1118.413 638.501 1070.937 638.4929 1033.193 865.8983 970.0403 1045.83 1168.893 638.4855 1244.66 818.5447 1128.02 1014.213 1099.512 303.9215 1143.699 300.7505 1071.14 266.08 1171.994 269.1969 1200.519 1048.989 1197.455 1039.528 1099.599 1026.844 1042.627 1099.585 1011.134 1102.639 947.8789 1052.209 
1156.084 313.79 1152.809 320.4016 1068.802 346.1444 1017.396 442.9368 969.0794 533.2115 1246.349 294.5972 1352.871 300.9512 1327.088 268.5832 1152.946 620.4016 1107.699 630.0516 1101.3 862.3964 1013.975 1046.355 1201.339 607.5649 1327.147 755.8473 1188.366 914.0661 1139.944 294.3139 1178.648 294.3297 1114.067 249.3566 1207.796 259.0215 1236.734 968.8984 1246.365 956.0082 1152.842 920.5151 1065.762 1123.797 1039.872 1120.619 988.2725 1049.657 
1156.084 313.79 1152.809 320.4016 1068.802 346.1444 1017.396 442.9368 969.0794 533.2115 1246.349 294.5972 1352.871 300.9512 1327.088 268.5832 1152.946 620.4016 1107.699 630.0516 1101.3 862.3964 1013.975 1046.355 1201.339 607.5649 1327.147 755.8473 1188.366 914.0661 1139.944 294.3139 1178.648 294.3297 1114.067 249.3566 1207.796 259.0215 1236.734 968.8984 1246.365 956.0082 1152.842 920.5151 1065.762 1123.797 1039.872 1120.619 988.2725 1049.657 
1156.084 313.79 1152.809 320.4016 1068.802 346.1444 1017.396 442.9368 969.0794 533.2115 1246.349 294.5972 1352.871 300.9512 1327.088 268.5832 1152.946 620.4016 1107.699 630.0516 1101.3 862.3964 1013.975 1046.355 1201.339 607.5649 1327.147 755.8473 1188.366 914.0661 1139.944 294.3139 1178.648 294.3297 1114.067 249.3566 1207.796 259.0215 1236.734 968.8984 1246.365 956.0082 1152.842 920.5151 1065.762 1123.797 1039.872 1120.619 988.2725 1049.657 
1178.007 268.9894 1162.205 291.0492 1079.106 316.5684 1037.775 422.0902 1012.251 543.1709 1260.879 265.5497 1299.242 310.2267 1155.765 300.7278 1165.339 591.0328 1114.307 600.6555 1158.933 833.551 1107.901 1053.56 1216.347 575.1174 1347.183 689.9118 1181.265 750.5715 1155.694 265.4707 1187.636 262.4239 1123.794 236.9303 1216.467 233.714 1235.379 801.5139 1232.216 945.1555 1158.789 747.3572 1181.189 1104.672 1146.128 1107.791 1085.558 1063.215 
1178.007 268.9894 1162.205 291.0492 1079.106 316.5684 1037.775 422.0902 1012.251 543.1709 1260.879 265.5497 1299.242 310.2267 1155.765 300.7278 1165.339 591.0328 1114.307 600.6555 1158.933 833.551 1107.901 1053.56 1216.347 575.1174 1347.183 689.9118 1181.265 750.5715 1155.694 265.4707 1187.636 262.4239 1123.794 236.9303 1216.467 233.714 1235.379 801.5139 1232.216 945.1555 1158.789 747.3572 1181.189 1104.672 1146.128 1107.791 1085.558 1063.215 
1194.248 300.7674 1200.987 300.9341 1103.992 320.3047 1071.74 442.7479 1049.32 558.889 1300.87 287.8848 1297.594 368.4734 1171.887 358.9407 1194.41 600.8619 1145.843 607.2537 1197.576 862.1909 1191.047 1087.869 1249.033 591.1406 1374.957 710.6489 1216.931 758.85 1171.833 281.4884 1213.664 284.7344 1146.026 242.6931 1249.266 249.1925 1262.099 797.5272 1245.898 955.6499 1191.175 755.5977 1278.292 1126.588 1252.435 1133.126 1171.665 1100.787 
1194.248 300.7674 1200.987 300.9341 1103.992 320.3047 1071.74 442.7479 1049.32 558.889 1300.87 287.8848 1297.594 368.4734 1171.887 358.9407 1194.41 600.8619 1145.843 607.2537 1197.576 862.1909 1191.047 1087.869 1249.033 591.1406 1374.957 710.6489 1216.931 758.85 1171.833 281.4884 1213.664 284.7344 1146.026 242.6931 1249.266 249.1925 1262.099 797.5272 1245.898 955.6499 1191.175 755.5977 1278.292 1126.588 1252.435 1133.126 1171.665 1100.787 
1239.151 327.0721 1242.344 333.6888 1145.774 347.0118 1109.2 473.5571 1105.91 599.9332 1345.587 320.4047 1348.883 463.4863 1199.093 460.0563 1258.976 633.2274 1205.702 649.7607 1258.867 892.8034 1228.983 1125.8 1312.258 623.2623 1402.083 786.3944 1295.642 892.8782 1222.386 303.8639 1265.57 303.8697 1192.384 270.3724 1295.7 270.4655 1328.877 999.5123 1335.504 995.9627 1285.533 896.1546 1322.272 1172.411 1295.648 1179.114 1208.925 1139.112 
1239.151 327.0721 1242.344 333.6888 1145.774 347.0118 1109.2 473.5571 1105.91 599.9332 1345.587 320.4047 1348.883 463.4863 1199.093 460.0563 1258.976 633.2274 1205.702 649.7607 1258.867 892.8034 1228.983 1125.8 1312.258 623.2623 1402.083 786.3944 1295.642 892.8782 1222.386 303.8639 1265.57 303.8697 1192.384 270.3724 1295.7 270.4655 1328.877 999.5123 1335.504 995.9627 1285.533 896.1546 1322.272 1172.411 1295.648 1179.114 1208.925 1139.112 
1239.151 327.0721 1242.344 333.6888 1145.774 347.0118 1109.2 473.5571 1105.91 599.9332 1345.587 320.4047 1348.883 463.4863 1199.093 460.0563 1258.976 633.2274 1205.702 649.7607 1258.867 892.8034 1228.983 1125.8 1312.258 623.2623 1402.083 786.3944 1295.642 892.8782 1222.386 303.8639 1265.57 303.8697 1192.384 270.3724 1295.7 270.4655 1328.877 999.5123 1335.504 995.9627 1285.533 896.1546 1322.272 1172.411 1295.648 1179.114 1208.925 1139.112 
1184.782 312.6603 1191.085 315.7624 1090.3 321.9981 1042.974 466.8736 1071.25 570.7748 1291.683 312.5129 1316.952 463.7889 1225.663 514.1561 1216.121 614.7159 1156.366 617.988 1191.008 841.4487 1165.855 1061.978 1269.712 599.1201 1301.294 797.516 1291.785 973.8569 1168.836 293.5797 1203.604 293.5801 1140.521 262.0193 1238.253 262.2315 1282.303 1046.324 1301.338 1043.009 1276.008 986.3732 1247.819 1109.109 1225.618 1115.461 1143.869 1074.471 
1184.782 312.6603 1191.085 315.7624 1090.3 321.9981 1042.974 466.8736 1071.25 570.7748 1291.683 312.5129 1316.952 463.7889 1225.663 514.1561 1216.121 614.7159 1156.366 617.988 1191.008 841.4487 1165.855 1061.978 1269.712 599.1201 1301.294 797.516 1291.785 973.8569 1168.836 293.5797 1203.604 293.5801 1140.521 262.0193 1238.253 262.2315 1282.303 1046.324 1301.338 1043.009 1276.008 986.3732 1247.819 1109.109 1225.618 1115.461 1143.869 1074.471 
1249.828 353.277 1262.967 353.4781 1157.494 346.8303 1091.591 458.7899 1147.567 537.9069 1361.839 356.8621 1417.892 475.344 1411.38 594.111 1272.881 653.3143 1220.024 653.3409 1197.156 877.2949 1269.515 1091.615 1328.833 650.0612 1348.573 880.6524 1384.971 1078.4 1226.823 330.3469 1272.822 330.333 1200.221 294.0884 1302.638 294.1381 1342.06 1141.077 1375.037 1137.739 1404.628 1091.669 1276.019 1170.562 1252.968 1164.041 1282.73 1095.026 
1249.828 353.277 1262.967 353.4781 1157.494 346.8303 1091.591 458.7899 1147.567 537.9069 1361.839 356.8621 1417.892 475.344 1411.38 594.111 1272.881 653.3143 1220.024 653.3409 1197.156 877.2949 1269.515 1091.615 1328.833 650.0612 1348.573 880.6524 1384.971 1078.4 1226.823 330.3469 1272.822 330.333 1200.221 294.0884 1302.638 294.1381 1342.06 1141.077 1375.037 1137.739 1404.628 1091.669 1276.019 1170.562 1252.968 1164.041 1282.73 1095.026 
1225.986 349.1126 1245.366 345.7382 1142.21 326.4562 1061.696 407.1368 1135.779 419.8905 1335.751 355.5592 1409.85 455.4725 1458.198 568.3331 1248.615 645.7206 1196.942 642.4376 1126.197 810.2208 1245.376 987.423 1300.343 648.8987 1319.646 861.8226 1354.973 1051.938 1203.561 329.7752 1248.576 329.7603 1174.641 297.557 1277.602 297.3893 1319.578 1106.807 1348.648 1106.79 1371.125 1068.022 1222.847 1048.702 1203.62 1039.105 1264.851 990.564 
1225.986 349.1126 1245.366 345.7382 1142.21 326.4562 1061.696 407.1368 1135.779 419.8905 1335.751 355.5592 1409.85 455.4725 1458.198 568.3331 1248.615 645.7206 1196.942 642.4376 1126.197 810.2208 1245.376 987.423 1300.343 648.8987 1319.646 861.8226 1354.973 1051.938 1203.561 329.7752 1248.576 329.7603 1174.641 297.557 1277.602 297.3893 1319.578 1106.807 1348.648 1106.79 1371.125 1068.022 1222.847 1048.702 1203.62 1039.105 1264.851 990.564 
1236.128 330.1525 1245.972 313.7594 1138.5 297.5705 1076.443 378.9789 1148.152 330.0544 1343.901 326.9716 1425.208 408.3209 1480.629 483.266 1249.23 613.7416 1197.076 613.5573 1128.656 789.5175 1278.563 897.2745 1298.206 620.1163 1281.802 848.4245 1360.013 1043.832 1213.402 320.2054 1252.525 320.316 1187.442 271.411 1288.185 294.123 1321.026 1125.346 1347.122 1115.638 1369.978 1047.122 1255.691 965.6736 1239.566 952.6318 1307.964 900.4141 
1236.128 330.1525 1245.972 313.7594 1138.5 297.5705 1076.443 378.9789 1148.152 330.0544 1343.901 326.9716 1425.208 408.3209 1480.629 483.266 1249.23 613.7416 1197.076 613.5573 1128.656 789.5175 1278.563 897.2745 1298.206 620.1163 1281.802 848.4245 1360.013 1043.832 1213.402 320.2054 1252.525 320.316 1187.442 271.411 1288.185 294.123 1321.026 1125.346 1347.122 1115.638 1369.978 1047.122 1255.691 965.6736 1239.566 952.6318 1307.964 900.4141 
1236.128 330.1525 1245.972 313.7594 1138.5 297.5705 1076.443 378.9789 1148.152 330.0544 1343.901 326.9716 1425.208 408.3209 1480.629 483.266 1249.23 613.7416 1197.076 613.5573 1128.656 789.5175 1278.563 897.2745 1298.206 620.1163 1281.802 848.4245 1360.013 1043.832 1213.402 320.2054 1252.525 320.316 1187.442 271.411 1288.185 294.123 1321.026 1125.346 1347.122 1115.638 1369.978 1047.122 1255.691 965.6736 1239.566 952.6318 1307.964 900.4141 
1216.437 294.4811 1210.133 281.5551 1111.184 272.0858 1063.391 348.5878 1133.585 291.0234 1309.028 291.0285 1369.578 342.1595 1423.915 367.7932 1206.778 581.5363 1158.915 581.5316 1123.894 795.2419 1299.404 750.6093 1251.522 584.6921 1184.473 804.8558 1203.682 1044.133 1203.633 284.7142 1235.52 287.8753 1162.334 239.9927 1261.046 259.205 1133.403 1082.546 1158.93 1088.773 1216.501 1063.355 1312.214 833.5258 1305.826 827.189 1315.304 728.2385 
1216.437 294.4811 1210.133 281.5551 1111.184 272.0858 1063.391 348.5878 1133.585 291.0234 1309.028 291.0285 1369.578 342.1595 1423.915 367.7932 1206.778 581.5363 1158.915 581.5316 1123.894 795.2419 1299.404 750.6093 1251.522 584.6921 1184.473 804.8558 1203.682 1044.133 1203.633 284.7142 1235.52 287.8753 1162.334 239.9927 1261.046 259.205 1133.403 1082.546 1158.93 1088.773 1216.501 1063.355 1312.214 833.5258 1305.826 827.189 1315.304 728.2385 
1160.099 275.7584 1172.648 288.3537 1081.938 288.2071 1053.875 369.586 1128.883 332.007 1263.351 288.3208 1344.507 325.7951 1381.896 331.9939 1163.217 588.2054 1119.465 588.1983 1106.949 810.101 1284.98 725.7898 1207.058 588.2296 1138.416 832.025 1110.252 1060.248 1150.741 260.1111 1175.788 263.2509 1135.206 225.7999 1216.338 256.9553 1035.073 1060.188 1053.866 1072.677 1119.584 1088.177 1303.817 810.1668 1288.384 803.8948 1291.382 707.0671 
1160.099 275.7584 1172.648 288.3537 1081.938 288.2071 1053.875 369.586 1128.883 332.007 1263.351 288.3208 1344.507 325.7951 1381.896 331.9939 1163.217 588.2054 1119.465 588.1983 1106.949 810.101 1284.98 725.7898 1207.058 588.2296 1138.416 832.025 1110.252 1060.248 1150.741 260.1111 1175.788 263.2509 1135.206 225.7999 1216.338 256.9553 1035.073 1060.188 1053.866 1072.677 1119.584 1088.177 1303.817 810.1668 1288.384 803.8948 1291.382 707.0671 
1260.389 334.0047 1240.559 337.3655 1137.281 340.8108 1090.615 467.3818 1110.573 520.7228 1343.908 333.9652 1420.37 360.6471 1497.163 364.1647 1237.053 637.345 1183.953 637.394 1153.928 883.9823 1317.243 840.7567 1287.134 634.0826 1200.548 883.9578 1180.436 1133.914 1237.113 314.0593 1270.632 310.8379 1197.151 277.3393 1293.916 277.5072 1093.911 1147.169 1110.609 1157.307 1187.318 1160.595 1313.756 940.6174 1297.244 930.5646 1340.474 817.3286 
1260.389 334.0047 1240.559 337.3655 1137.281 340.8108 1090.615 467.3818 1110.573 520.7228 1343.908 333.9652 1420.37 360.6471 1497.163 364.1647 1237.053 637.345 1183.953 637.394 1153.928 883.9823 1317.243 840.7567 1287.134 634.0826 1200.548 883.9578 1180.436 1133.914 1237.113 314.0593 1270.632 310.8379 1197.151 277.3393 1293.916 277.5072 1093.911 1147.169 1110.609 1157.307 1187.318 1160.595 1313.756 940.6174 1297.244 930.5646 1340.474 817.3286 
1260.389 334.0047 1240.559 337.3655 1137.281 340.8108 1090.615 467.3818 1110.573 520.7228 1343.908 333.9652 1420.37 360.6471 1497.163 364.1647 1237.053 637.345 1183.953 637.394 1153.928 883.9823 1317.243 840.7567 1287.134 634.0826 1200.548 883.9578 1180.436 1133.914 1237.113 314.0593 1270.632 310.8379 1197.151 277.3393 1293.916 277.5072 1093.911 1147.169 1110.609 1157.307 1187.318 1160.595 1313.756 940.6174 1297.244 930.5646 1340.474 817.3286 
1184.862 323.1602 1175.13 335.8997 1079.431 348.7272 983.8306 495.5417 948.6411 632.7073 1270.912 313.4948 1388.848 351.8406 1500.662 406.0822 1178.315 635.8828 1120.953 635.8449 1133.68 852.9155 1130.41 1009.151 1232.658 635.863 1203.807 856.1785 1152.802 1079.377 1162.413 310.3597 1206.995 303.9946 1130.512 265.7248 1226.226 272.1423 1136.924 1111.323 1168.743 1111.438 1136.855 1089.017 1111.394 1066.693 1095.417 1060.219 1127.285 1012.4 
1184.862 323.1602 1175.13 335.8997 1079.431 348.7272 983.8306 495.5417 948.6411 632.7073 1270.912 313.4948 1388.848 351.8406 1500.662 406.0822 1178.315 635.8828 1120.953 635.8449 1133.68 852.9155 1130.41 1009.151 1232.658 635.863 1203.807 856.1785 1152.802 1079.377 1162.413 310.3597 1206.995 303.9946 1130.512 265.7248 1226.226 272.1423 1136.924 1111.323 1168.743 1111.438 1136.855 1089.017 1111.394 1066.693 1095.417 1060.219 1127.285 1012.4 
1211.771 329.6996 1189.134 349.0995 1097.859 375.2816 996.887 511.9483 931.845 638.7767 1290.009 313.3244 1423.511 336.1305 1498.331 404.5222 1205.272 648.665 1153.262 651.8807 1159.67 876.5746 1058.854 1075.157 1257.303 645.41 1237.795 876.5273 1185.959 1097.96 1185.893 319.7472 1231.436 310.0815 1156.329 277.5744 1250.926 280.7606 1247.671 1130.444 1250.903 1117.435 1169.572 1117.412 1136.932 1133.605 1107.625 1133.726 1036.094 1084.898 
1211.771 329.6996 1189.134 349.0995 1097.859 375.2816 996.887 511.9483 931.845 638.7767 1290.009 313.3244 1423.511 336.1305 1498.331 404.5222 1205.272 648.665 1153.262 651.8807 1159.67 876.5746 1058.854 1075.157 1257.303 645.41 1237.795 876.5273 1185.959 1097.96 1185.893 319.7472 1231.436 310.0815 1156.329 277.5744 1250.926 280.7606 1247.671 1130.444 1250.903 1117.435 1169.572 1117.412 1136.932 1133.605 1107.625 1133.726 1036.094 1084.898 
1223.085 330.1261 1190.632 352.7077 1105.792 375.7448 1008.047 476.7064 952.6803 564.6698 1288.368 323.4725 1428.428 313.7062 1422.035 356.0803 1190.504 652.7077 1141.678 655.9211 1131.892 893.9191 1060.235 1082.959 1239.357 649.4568 1294.893 848.3905 1213.321 1060.201 1203.584 317.0169 1239.498 310.4763 1161.205 277.9586 1258.936 277.9845 1285.021 1099.215 1278.529 1083.039 1187.182 1079.756 1141.627 1135.162 1115.552 1138.411 1043.788 1099.213 
1223.085 330.1261 1190.632 352.7077 1105.792 375.7448 1008.047 476.7064 952.6803 564.6698 1288.368 323.4725 1428.428 313.7062 1422.035 356.0803 1190.504 652.7077 1141.678 655.9211 1131.892 893.9191 1060.235 1082.959 1239.357 649.4568 1294.893 848.3905 1213.321 1060.201 1203.584 317.0169 1239.498 310.4763 1161.205 277.9586 1258.936 277.9845 1285.021 1099.215 1278.529 1083.039 1187.182 1079.756 1141.627 1135.162 1115.552 1138.411 1043.788 1099.213 
1223.085 330.1261 1190.632 352.7077 1105.792 375.7448 1008.047 476.7064 952.6803 564.6698 1288.368 323.4725 1428.428 313.7062 1422.035 356.0803 1190.504 652.7077 1141.678 655.9211 1131.892 893.9191 1060.235 1082.959 1239.357 649.4568 1294.893 848.3905 1213.321 1060.201 1203.584 317.0169 1239.498 310.4763 1161.205 277.9586 1258.936 277.9845 1285.021 1099.215 1278.529 1083.039 1187.182 1079.756 1141.627 1135.162 1115.552 1138.411 1043.788 1099.213 
1212.704 291.1134 1180.763 297.3895 1085.169 310.1963 983.0333 437.6658 983.0411 456.8619 1263.829 294.1725 1369.018 271.8738 1250.896 243.0457 1168.029 597.1191 1123.429 600.4142 1152.099 830.0322 1075.547 1030.881 1212.756 587.6693 1333.914 724.6169 1209.542 877.9248 1193.558 268.7036 1235.113 268.8085 1158.599 236.7736 1260.447 243.2831 1260.451 938.3873 1260.615 928.7762 1183.818 887.4058 1123.438 1110.534 1097.886 1104.298 1053.218 1034.112 
1212.704 291.1134 1180.763 297.3895 1085.169 310.1963 983.0333 437.6658 983.0411 456.8619 1263.829 294.1725 1369.018 271.8738 1250.896 243.0457 1168.029 597.1191 1123.429 600.4142 1152.099 830.0322 1075.547 1030.881 1212.756 587.6693 1333.914 724.6169 1209.542 877.9248 1193.558 268.7036 1235.113 268.8085 1158.599 236.7736 1260.447 243.2831 1260.451 938.3873 1260.615 928.7762 1183.818 887.4058 1123.438 1110.534 1097.886 1104.298 1053.218 1034.112 
1219.016 268.7776 1187.173 275.0295 1101.015 284.6897 1002.116 373.9133 1018.133 412.1695 1276.416 268.7344 1346.611 243.1783 1234.862 195.3632 1180.69 574.9594 1132.976 590.7288 1209.332 820.3341 1136.136 1014.953 1222.251 568.5186 1340.366 699.3552 1161.612 756.7118 1206.189 249.5489 1238.207 252.8103 1161.726 208.0582 1260.433 243.2804 1136.154 804.4781 1142.457 804.5718 1136.045 759.8256 1190.323 1078.775 1161.777 1072.385 1110.743 1027.679 
1219.016 268.7776 1187.173 275.0295 1101.015 284.6897 1002.116 373.9133 1018.133 412.1695 1276.416 268.7344 1346.611 243.1783 1234.862 195.3632 1180.69 574.9594 1132.976 590.7288 1209.332 820.3341 1136.136 1014.953 1222.251 568.5186 1340.366 699.3552 1161.612 756.7118 1206.189 249.5489 1238.207 252.8103 1161.726 208.0582 1260.433 243.2804 1136.154 804.4781 1142.457 804.5718 1136.045 759.8256 1190.323 1078.775 1161.777 1072.385 1110.743 1027.679 
1243.177 271.5141 1217.091 290.9635 1132.177 287.7881 1053.838 352.9577 1031.16 379.189 1308.326 290.9361 1350.721 232.3303 1229.975 173.7136 1220.289 590.9465 1177.854 603.9625 1243.178 829.0609 1243.199 1080.038 1266.008 584.4802 1350.646 744.1196 1187.62 750.8076 1233.174 248.6861 1265.813 251.8954 1187.71 219.3885 1288.66 248.7285 1161.598 822.494 1168.042 822.5897 1158.151 744.1572 1334.392 1102.842 1311.519 1109.302 1233.258 1102.924 
1243.177 271.5141 1217.091 290.9635 1132.177 287.7881 1053.838 352.9577 1031.16 379.189 1308.326 290.9361 1350.721 232.3303 1229.975 173.7136 1220.289 590.9465 1177.854 603.9625 1243.178 829.0609 1243.199 1080.038 1266.008 584.4802 1350.646 744.1196 1187.62 750.8076 1233.174 248.6861 1265.813 251.8954 1187.71 219.3885 1288.66 248.7285 1161.598 822.494 1168.042 822.5897 1158.151 744.1572 1334.392 1102.842 1311.519 1109.302 1233.258 1102.924 
1156.556 248.6672 1175.945 284.1765 1076.18 268.1203 979.5798 348.5832 992.3956 239.0732 1275.836 296.983 1378.682 396.6714 1452.922 503.038 1156.641 583.5547 1111.57 577.1431 1043.996 779.8372 1198.37 837.8855 1204.891 596.3766 1124.468 812.0519 1169.511 1018.219 1140.467 226.1229 1175.995 229.3696 1117.8 197.2823 1217.679 203.6156 1101.88 1079.365 1130.872 1085.753 1195.268 1040.619 1195.205 902.2678 1192.055 892.5964 1224.233 834.6343 
1178.698 306.2313 1155.77 355.7637 1056.043 359.2255 963.1108 488.6181 890.2791 611.3751 1261.714 335.9882 1391.135 405.6302 1474.328 492.04 1129.139 654.5793 1075.926 647.9835 1062.667 886.8017 1003.024 1072.628 1182.287 661.238 1155.548 890.0612 1102.696 1125.688 1152.42 283.0217 1198.731 283.0426 1122.419 253.0993 1225.266 256.4693 1125.775 1165.568 1149.035 1155.651 1085.971 1139.053 1049.524 1132.411 1019.515 1129.187 992.9968 1079.366 
1278.037 304.3071 1242.899 346.5917 1147.575 350.2424 1105.218 459.6331 1080.537 568.9757 1334.62 329.132 1398.001 311.4129 1302.76 237.2558 1239.326 646.5704 1193.353 660.5863 1253.466 914.5982 1172.153 1133.474 1288.735 635.9772 1440.495 748.8928 1285.169 893.5329 1253.55 286.6057 1292.285 290.2238 1221.615 261.8893 1320.589 268.9274 1341.626 974.8025 1341.531 967.7002 1271.043 904.1367 1239.287 1197.094 1204.016 1196.968 1143.978 1140.643 
1196.08 317.2097 1196.29 352.6051 1097.76 366.5208 1062.533 514.0699 1052.025 637.2136 1305.232 345.3853 1389.381 472.0057 1312.232 489.6281 1224.405 651.2847 1168.081 661.7229 1206.766 893.9171 1217.194 1125.873 1280.752 637.2273 1350.845 834.143 1315.778 1055.475 1171.628 292.6307 1220.665 292.6662 1140.025 261.0479 1248.883 264.5282 1357.785 1164.466 1364.966 1146.941 1294.623 1073.091 1305.064 1175.144 1273.492 1182.131 1196.102 1140.028 
1157.312 290.1539 1191.707 324.3629 1088.359 317.5041 1033.381 455.2759 1009.389 585.9789 1288.086 334.67 1363.891 431.0624 1442.869 537.8581 1174.596 623.8745 1129.773 620.4499 1081.558 812.9555 1239.915 892.3476 1226.158 630.7174 1174.566 861.2521 1277.712 1033.334 1139.976 269.2618 1177.898 269.3577 1112.638 241.8375 1222.729 238.2977 1226.042 1119.356 1253.681 1115.995 1305.117 1033.449 1195.106 961.0939 1188.267 950.7855 1270.813 888.8434 
1147.846 335.5792 1158.477 384.3399 1050.238 377.598 1004.996 534.3486 963.1237 670.2399 1270.028 384.3763 1353.565 516.7444 1381.479 621.4969 1154.787 684.3172 1098.929 684.2827 1102.556 907.4815 1241.952 914.3876 1210.655 684.2922 1179.336 921.2682 1127.011 1147.852 1126.821 314.5746 1161.893 314.5312 1099.178 290.2201 1210.518 272.7954 1116.508 1210.642 1140.884 1207.181 1109.498 1158.421 1231.562 1011.901 1214.248 997.948 1266.542 903.9107 
1111.886 349.9586 1136.559 409.9271 1030.893 399.4301 995.4796 551.0477 945.9605 674.5095 1235.277 420.5757 1312.843 554.7199 1365.732 667.5096 1125.991 709.7409 1090.712 706.279 1147.09 928.5388 1277.514 1097.77 1161.297 709.824 977.9374 893.2897 998.9523 1140.192 1087.32 325.2225 1136.509 321.9901 1059.082 297.1914 1171.954 293.6235 872.0117 1129.519 893.1985 1143.613 1013.185 1171.707 1199.998 1147.267 1207.094 1143.56 1291.766 1111.865 
1035.337 335.3948 1038.835 386.5901 922.6827 372.9509 837.2866 478.8331 776.0146 588.2238 1154.852 393.3862 1267.631 506.2515 1233.331 526.6458 997.6641 683.7516 939.8248 670.0861 888.4862 881.6801 922.6566 1045.608 1052.47 697.2894 973.9127 912.4191 912.4322 1137.847 1014.939 311.4381 1055.852 311.3943 984.1238 277.4043 1096.781 267.2625 878.364 1171.912 909.089 1185.551 912.4532 1161.671 878.2629 1103.648 868.0745 1096.774 953.4454 1052.395 
919.6346 267.0985 895.8384 300.1636 814.8935 315.0379 737.0506 386.8711 707.1129 491.5818 979.5081 291.1267 1054.327 234.2594 967.6783 177.2506 874.8502 599.4285 829.8736 602.3586 776.0173 805.985 686.212 991.5049 922.5939 599.371 994.6352 749.0777 856.7932 895.6463 898.6556 246.2438 937.6334 246.1344 871.7416 228.121 964.5678 225.1918 889.7529 943.5819 895.6877 934.5914 829.9324 895.7999 749.0821 1045.446 722.1257 1045.476 668.2237 997.5408 
1031.603 265.7522 1003.266 315.9978 908.6979 331.8014 839.2898 429.491 820.5188 549.3166 1101.073 297.1178 1208.177 287.7408 1274.463 265.4811 1019.073 615.5811 968.6547 624.9559 1022.291 842.455 1025.432 1072.54 1069.495 606.0973 1141.944 795.0898 1012.733 889.7318 1015.799 246.6362 1050.53 246.6935 971.7444 218.4425 1069.453 234.0269 1053.717 946.5418 943.474 820.3489 987.4251 889.7709 1122.944 1119.883 1097.806 1123.047 1012.704 1091.472 
1238.474 353.0329 1182.818 401.6685 1088.56 405.4659 991.0245 551.7232 980.4354 684.1197 1273.299 380.8961 1318.614 457.3998 1426.794 492.4166 1186.108 701.6505 1127.036 708.4749 1106.04 931.7548 1113.017 1175.74 1241.984 698.1295 1213.986 935.2478 1214.155 1106.114 1214.096 335.6162 1255.899 335.5073 1158.317 293.8629 1182.73 258.815 1172.286 1158.405 1200.152 1158.421 1228.01 1126.797 1050.241 1224.557 1046.874 1210.611 1130.45 1189.767 
1273.524 335.7265 1226.585 352.4569 1139.482 359.0309 1012.336 412.6898 928.5609 496.5865 1323.786 339.1424 1430.91 372.5697 1511.197 389.3729 1193.261 650.6003 1179.735 653.8793 1276.884 894.9791 1273.467 1112.864 1219.898 650.6072 1209.86 895.1824 1082.448 1039.142 1253.459 312.424 1296.878 312.4187 1216.638 278.6606 1136.209 248.6349 1112.695 1119.506 1109.328 1112.733 1052.406 1045.818 1377.266 1119.52 1353.813 1136.161 1253.471 1136.334 
1307.261 343.0255 1244.81 339.848 1146.053 339.7542 1044.03 445.148 1014.318 553.7323 1333.693 339.8036 1383.047 425.3799 1458.772 533.9999 1225.057 639.1969 1169.179 642.5402 1195.326 856.4811 1221.721 1089.973 1280.952 632.6438 1281.031 846.5842 1320.382 1050.594 1297.332 326.4708 1327.081 323.3695 1251.199 277.2173 1340.244 297.0519 1284.288 1109.783 1317.182 1103.239 1327.071 1063.744 1159.172 1116.269 1159.202 1099.942 1234.903 1113.048 
1153.376 367.9484 1171.352 439.8413 1054.79 445.6894 1054.838 627.8386 1159.406 747.1713 1290.779 436.7134 1356.486 606.7817 1275.943 735.3453 1201.171 738.3557 1135.434 753.2604 1204.118 995.2165 1341.557 1013.054 1257.956 726.3834 1329.582 914.5403 1251.901 1090.787 1129.426 344.0445 1174.343 338.1716 1102.607 329.2579 1222.004 299.4648 1165.349 1012.972 1195.175 1012.957 1254.962 1090.819 1362.389 1066.833 1028.002 1007.028 1368.402 1007.063 
1138.274 260.7747 1171.763 330.9263 1061.75 324.8885 1040.265 496.0037 1107.555 624.4769 1281.953 337.0967 1349.071 523.4996 1217.642 639.7502 1159.423 630.6724 1089.261 627.5301 1052.6 847.78 1113.809 1015.774 1217.712 642.8542 1205.346 881.3303 1211.698 1116.868 1116.794 236.2842 1162.689 236.2632 1095.405 227.0299 1211.432 208.789 1193.222 1037.2 1223.761 1037.185 1217.663 1116.905 1083.087 1086.229 1067.889 1073.941 1138.164 1019 
1078.627 290.8835 1127.444 355.0105 1023.669 333.7251 990.025 498.3935 1005.308 629.8449 1228.324 379.3198 1307.705 550.313 1203.881 657.2828 1063.535 648.1244 1011.513 638.9489 913.8417 837.4791 892.4166 1057.334 1121.389 663.3773 1029.836 877.0986 1090.877 1097.027 1060.19 266.4054 1097.005 260.3765 1093.958 226.73 1148.926 238.9375 1038.935 1088.019 1063.341 1115.366 1103.12 1115.352 871.0054 1115.327 855.7747 1088.022 910.6779 1066.416 
1137.277 364.877 1208.612 419.4727 1116.77 392.1244 1065.743 541.7936 1072.347 687.9895 1293.814 453.3322 1348.086 664.1924 1205.249 769.7863 1116.831 705.0883 1055.51 684.6948 882.1639 831.1642 888.9621 1041.859 1177.945 725.5995 1103.312 963.5215 1099.838 1208.556 1127.065 337.8394 1157.545 337.8001 1218.88 252.6209 1218.912 313.89 1103.177 1242.683 1126.996 1242.684 1089.525 1215.437 834.451 1140.542 827.6905 1123.62 912.8115 1048.776 
1183.8 365.9347 1272.276 424.6241 1161.891 395.1877 1128.547 546.2597 1143.354 693.6486 1375.474 457.7916 1478.628 660.6066 1423.436 837.5663 1216.945 719.4774 1157.935 701.1135 1043.936 896.403 1165.428 1062.274 1275.95 727.0084 1165.351 977.4075 1235.469 1224.37 1165.598 340.0851 1194.989 347.356 1320.234 273.6272 1257.635 325.2693 1132.328 1253.842 1161.826 1264.919 1257.685 1250.042 1154.364 1121.229 1143.33 1110.229 1191.29 1065.938 
1245.609 442.9563 1351.141 475.4344 1237.477 467.3289 1221.255 629.3919 1278.115 767.1935 1476.586 499.5692 1634.786 665.7894 1598.3 864.5834 1346.837 775.4035 1277.976 767.2478 1176.75 998.3289 1330.684 1176.595 1411.857 787.5083 1375.163 1054.974 1383.601 1342.812 1229.384 414.6422 1253.795 430.7695 1452.393 301.018 1314.585 398.3357 1391.594 1387.499 1428.042 1383.378 1379.403 1355.156 1253.733 1282.066 1253.719 1269.887 1347.062 1180.732 
1173.105 411.4304 1248.209 431.1601 1149.341 423.2538 1129.693 580.9998 1181.178 711.4929 1354.707 450.9171 1464.942 640.2263 1339.016 770.4666 1244.303 731.1347 1181.061 719.2614 1105.996 936.4042 1173.045 1137.652 1307.475 739.0048 1307.38 991.4606 1374.535 1248.19 1153.321 387.8116 1184.874 391.5138 1413.903 293.0407 1244.152 348.2349 1279.602 1303.301 1311.331 1307.313 1405.826 1275.731 1121.995 1244.17 1109.927 1224.404 1188.984 1145.541 
1128.936 472.5925 1198.605 505.5082 1067.645 509.5163 1051.126 665.403 1116.773 800.8336 1325.772 501.523 1502.281 620.4515 1526.921 800.9521 1182.301 805.0649 1116.656 800.9167 1034.65 1038.776 977.2319 1288.899 1247.99 813.2833 1137.192 1038.785 1190.434 1235.787 1100.399 443.8976 1141.411 440.0317 1469.518 304.5673 1198.828 406.9521 1149.59 1305.47 1186.359 1301.342 1198.687 1252.082 932.242 1338.254 919.7578 1325.788 993.577 1317.728 
1059.001 425.076 1101.676 459.983 977.4206 483.3394 946.1022 642.9241 1039.606 763.5264 1218.506 444.3219 1354.681 553.4638 1261.502 674.1108 1117.384 759.5714 1047.44 759.6266 1008.542 1012.342 923.0347 1234.235 1187.493 759.4631 1160.14 977.3774 1094.065 1156.339 1035.581 409.4337 1074.805 397.7791 996.9019 370.524 1129.021 351.1003 1066.728 1234.17 1097.992 1234.079 1074.523 1164.107 930.651 1292.339 899.6502 1284.719 926.7855 1253.609 
1062.895 367.8061 1066.464 420.7226 950.0631 427.7366 918.164 586.554 978.3108 720.6985 1189.919 417.1996 1281.685 579.5935 1200.386 717.0438 1059.507 720.6419 1002.855 720.772 1013.555 946.449 1024.063 1115.905 1119.342 717.1142 1122.85 942.9006 1193.384 1204.01 1038.228 346.6704 1087.478 343.1298 1003.039 318.4044 1115.962 300.8632 1147.636 1239.293 1182.885 1249.812 1204.051 1225.294 1027.684 1172.319 1002.801 1168.735 1031.018 1129.89 
1154.448 405.206 1126.548 492.3343 1011.432 485.3521 966.0938 666.4258 1067.173 798.8215 1241.558 509.6393 1293.621 683.7931 1192.654 795.5158 1109.056 791.8239 1046.145 795.5035 1122.904 1046.214 1150.8 1084.648 1178.734 778.0128 1262.3 987.008 1220.54 1237.756 1133.347 380.6474 1182.029 380.7571 1098.602 363.27 1210.082 373.6209 1269.277 1272.817 1276.234 1244.906 1206.532 1241.512 1161.342 1164.75 1136.929 1157.691 1157.849 1074.195 
1003.242 221.8298 981.5645 337.064 869.4975 327.7004 810.4614 483.4791 881.8123 620.4257 1093.587 355.6898 1180.907 508.2114 1152.67 639.0826 931.7735 632.9033 872.5847 632.9067 863.2686 853.9501 828.9433 1081.208 987.8271 632.9202 981.6402 881.872 1034.498 1103.009 981.3972 196.9528 1025.102 197.0058 944.2465 206.1624 1056.17 206.1788 978.4609 1106.046 990.9181 1112.313 1056.192 1109.296 794.7473 1137.236 856.9313 1090.578 835.1925 1093.639 
938.0515 237.4771 934.9417 361.9174 829.0056 346.3791 776.0102 508.2204 810.4795 639.0889 1053.131 380.5999 1159.151 514.6418 1084.347 660.8136 869.4544 654.6826 810.2305 639.1086 732.5712 866.3615 735.7591 1099.857 931.7975 664.0692 882.0385 881.9525 835.1868 1068.732 919.2944 215.5962 962.8687 212.6408 888.1185 228.0159 1000.17 218.7759 866.3734 1137.242 881.913 1109.175 825.8334 1084.334 726.232 1137.258 707.6533 1112.42 754.2661 1109.096 
885.5095 299.9753 895.168 425.834 791.2422 419.5609 759.6179 580.1555 819.5658 712.3392 1008.427 435.2128 1071.302 614.7207 948.5398 715.5923 873.0137 725.0148 810.0327 718.7432 743.9298 939.0237 765.8832 1121.812 942.3454 740.746 942.1343 967.4802 841.588 1068.214 863.4959 280.9898 904.4667 277.916 838.2969 290.3473 942.2963 287.1709 885.5702 1128.086 894.9798 1118.677 816.4288 1068.19 718.8001 1150.111 715.6616 1125.026 772.2303 1150.094 
885.5095 299.9753 895.168 425.834 791.2422 419.5609 759.6179 580.1555 819.5658 712.3392 1008.427 435.2128 1071.302 614.7207 948.5398 715.5923 873.0137 725.0148 810.0327 718.7432 743.9298 939.0237 765.8832 1121.812 942.3454 740.746 942.1343 967.4802 841.588 1068.214 863.4959 280.9898 904.4667 277.916 838.2969 290.3473 942.2963 287.1709 885.5702 1128.086 894.9798 1118.677 816.4288 1068.19 718.8001 1150.111 715.6616 1125.026 772.2303 1150.094 
885.5095 299.9753 895.168 425.834 791.2422 419.5609 759.6179 580.1555 819.5658 712.3392 1008.427 435.2128 1071.302 614.7207 948.5398 715.5923 873.0137 725.0148 810.0327 718.7432 743.9298 939.0237 765.8832 1121.812 942.3454 740.746 942.1343 967.4802 841.588 1068.214 863.4959 280.9898 904.4667 277.916 838.2969 290.3473 942.2963 287.1709 885.5702 1128.086 894.9798 1118.677 816.4288 1068.19 718.8001 1150.111 715.6616 1125.026 772.2303 1150.094 
885.5095 299.9753 895.168 425.834 791.2422 419.5609 759.6179 580.1555 819.5658 712.3392 1008.427 435.2128 1071.302 614.7207 948.5398 715.5923 873.0137 725.0148 810.0327 718.7432 743.9298 939.0237 765.8832 1121.812 942.3454 740.746 942.1343 967.4802 841.588 1068.214 863.4959 280.9898 904.4667 277.916 838.2969 290.3473 942.2963 287.1709 885.5702 1128.086 894.9798 1118.677 816.4288 1068.19 718.8001 1150.111 715.6616 1125.026 772.2303 1150.094 
885.5095 299.9753 895.168 425.834 791.2422 419.5609 759.6179 580.1555 819.5658 712.3392 1008.427 435.2128 1071.302 614.7207 948.5398 715.5923 873.0137 725.0148 810.0327 718.7432 743.9298 939.0237 765.8832 1121.812 942.3454 740.746 942.1343 967.4802 841.588 1068.214 863.4959 280.9898 904.4667 277.916 838.2969 290.3473 942.2963 287.1709 885.5702 1128.086 894.9798 1118.677 816.4288 1068.19 718.8001 1150.111 715.6616 1125.026 772.2303 1150.094 
885.5095 299.9753 895.168 425.834 791.2422 419.5609 759.6179 580.1555 819.5658 712.3392 1008.427 435.2128 1071.302 614.7207 948.5398 715.5923 873.0137 725.0148 810.0327 718.7432 743.9298 939.0237 765.8832 1121.812 942.3454 740.746 942.1343 967.4802 841.588 1068.214 863.4959 280.9898 904.4667 277.916 838.2969 290.3473 942.2963 287.1709 885.5702 1128.086 894.9798 1118.677 816.4288 1068.19 718.8001 1150.111 715.6616 1125.026 772.2303 1150.094 
885.5095 299.9753 895.168 425.834 791.2422 419.5609 759.6179 580.1555 819.5658 712.3392 1008.427 435.2128 1071.302 614.7207 948.5398 715.5923 873.0137 725.0148 810.0327 718.7432 743.9298 939.0237 765.8832 1121.812 942.3454 740.746 942.1343 967.4802 841.588 1068.214 863.4959 280.9898 904.4667 277.916 838.2969 290.3473 942.2963 287.1709 885.5702 1128.086 894.9798 1118.677 816.4288 1068.19 718.8001 1150.111 715.6616 1125.026 772.2303 1150.094 
885.5095 299.9753 895.168 425.834 791.2422 419.5609 759.6179 580.1555 819.5658 712.3392 1008.427 435.2128 1071.302 614.7207 948.5398 715.5923 873.0137 725.0148 810.0327 718.7432 743.9298 939.0237 765.8832 1121.812 942.3454 740.746 942.1343 967.4802 841.588 1068.214 863.4959 280.9898 904.4667 277.916 838.2969 290.3473 942.2963 287.1709 885.5702 1128.086 894.9798 1118.677 816.4288 1068.19 718.8001 1150.111 715.6616 1125.026 772.2303 1150.094 
885.5095 299.9753 895.168 425.834 791.2422 419.5609 759.6179 580.1555 819.5658 712.3392 1008.427 435.2128 1071.302 614.7207 948.5398 715.5923 873.0137 725.0148 810.0327 718.7432 743.9298 939.0237 765.8832 1121.812 942.3454 740.746 942.1343 967.4802 841.588 1068.214 863.4959 280.9898 904.4667 277.916 838.2969 290.3473 942.2963 287.1709 885.5702 1128.086 894.9798 1118.677 816.4288 1068.19 718.8001 1150.111 715.6616 1125.026 772.2303 1150.094 
885.5095 299.9753 895.168 425.834 791.2422 419.5609 759.6179 580.1555 819.5658 712.3392 1008.427 435.2128 1071.302 614.7207 948.5398 715.5923 873.0137 725.0148 810.0327 718.7432 743.9298 939.0237 765.8832 1121.812 942.3454 740.746 942.1343 967.4802 841.588 1068.214 863.4959 280.9898 904.4667 277.916 838.2969 290.3473 942.2963 287.1709 885.5702 1128.086 894.9798 1118.677 816.4288 1068.19 718.8001 1150.111 715.6616 1125.026 772.2303 1150.094 
885.5095 299.9753 895.168 425.834 791.2422 419.5609 759.6179 580.1555 819.5658 712.3392 1008.427 435.2128 1071.302 614.7207 948.5398 715.5923 873.0137 725.0148 810.0327 718.7432 743.9298 939.0237 765.8832 1121.812 942.3454 740.746 942.1343 967.4802 841.588 1068.214 863.4959 280.9898 904.4667 277.916 838.2969 290.3473 942.2963 287.1709 885.5702 1128.086 894.9798 1118.677 816.4288 1068.19 718.8001 1150.111 715.6616 1125.026 772.2303 1150.094 
885.5095 299.9753 895.168 425.834 791.2422 419.5609 759.6179 580.1555 819.5658 712.3392 1008.427 435.2128 1071.302 614.7207 948.5398 715.5923 873.0137 725.0148 810.0327 718.7432 743.9298 939.0237 765.8832 1121.812 942.3454 740.746 942.1343 967.4802 841.588 1068.214 863.4959 280.9898 904.4667 277.916 838.2969 290.3473 942.2963 287.1709 885.5702 1128.086 894.9798 1118.677 816.4288 1068.19 718.8001 1150.111 715.6616 1125.026 772.2303 1150.094 
1396.99 334.2246 1404.132 362.1137 1289.281 344.7422 1216.387 493.9933 1327.605 407.2292 1539.511 375.9199 1598.403 532.2544 1549.813 487.1021 1376.176 660.8083 1317.259 650.2277 1178.185 817.1965 1397.007 869.0725 1431.859 678.2161 1337.967 935.1835 1376.15 1216.445 1369.192 306.5525 1417.871 306.472 1320.535 306.4458 1456.033 292.5831 1292.776 1237.312 1320.648 1268.534 1400.565 1233.86 792.8361 1268.571 789.3743 1240.903 1428.361 869.1071 
1357.584 383.6088 1374.827 428.9109 1239.461 428.7314 1152.28 578.403 1121.033 738.5343 1503.724 428.9158 1590.626 539.9939 1639.367 654.8517 1350.672 727.937 1288.113 714.1132 1270.764 964.6194 1315.866 1194.093 1420.214 734.8239 1361.097 961.1823 1308.889 1235.937 1333.304 355.6962 1382.107 355.7645 1295.03 348.8154 1427.152 345.2443 1274.147 1239.482 1305.394 1270.736 1305.476 1246.356 1267.334 1228.933 1263.824 1211.632 1343.7 1207.924 
1413.216 344.5894 1389.204 375.4294 1276.012 399.5532 1172.852 482.1604 1128.142 602.291 1499.426 347.9965 1574.965 475.1963 1471.701 458.1079 1337.88 671.0066 1282.809 678.0145 1361.863 925.4699 1275.841 1134.93 1392.858 653.9353 1523.331 794.8236 1382.513 980.3282 1385.955 317.1468 1437.357 317.1035 1348.056 313.4512 1471.665 293.1089 1471.842 1093.762 1471.846 1083.534 1358.498 994.1314 1310.379 1220.959 1279.455 1217.533 1251.781 1138.362 
1406.829 363.3695 1376.352 393.9297 1278.044 393.8556 1152.774 366.6558 1125.575 393.8877 1477.969 393.8406 1613.263 414.048 1532.043 356.5251 1342.455 692.0085 1291.524 695.3589 1403.376 952.8535 1406.818 1210.249 1396.479 688.651 1501.514 891.8662 1369.425 1044.15 1386.41 336.2941 1430.545 336.2945 1342.295 329.4197 1464.355 329.4851 1406.754 1098.517 1406.759 1091.656 1339.023 1044.257 1481.285 1206.994 1450.812 1237.421 1396.703 1237.422 
1509.05 398.1772 1509.06 427.9876 1382.698 402.2927 1259.926 554.418 1237.862 743.8146 1646.362 435.487 1754.126 546.8318 1798.556 695.5282 1468.128 725.1821 1404.877 706.6838 1323.302 892.4147 1382.746 1156.152 1531.434 736.3552 1497.88 996.2907 1505.307 1234.104 1486.725 368.4657 1535.002 368.508 1441.963 346.3551 1579.563 342.6961 1501.409 1301.052 1531.187 1293.558 1505.363 1245.278 1297.376 1222.983 1293.611 1204.326 1408.741 1174.669 
1298.662 359.8515 1305.656 383.2255 1204.919 366.5506 1107.614 359.8369 1201.582 249.0065 1419.631 386.5448 1516.76 393.2426 1510.107 393.2942 1275.476 681.7036 1225.008 671.6661 1141.356 876.3742 1248.674 1030.491 1329.128 688.4265 1214.995 899.608 1198.283 1181.442 1271.981 336.2649 1318.897 336.1032 1235.069 332.8138 1352.484 322.8354 1084.274 1191.511 1104.3 1195.076 1221.607 1198.176 1261.968 1087.587 1171.449 1010.355 1278.727 1033.951 
1425.526 435.9019 1421.899 469.5712 1297.963 484.493 1181.912 641.9969 1151.676 810.691 1549.256 462.0002 1654.137 641.9232 1691.606 818.1587 1425.338 769.5515 1361.606 776.9505 1388.012 1035.511 1391.725 1256.842 1489.161 765.7778 1511.6 994.4432 1481.808 1271.679 1395.612 409.5861 1451.737 405.8851 1358.052 402.0681 1481.818 387.1078 1515.413 1320.516 1537.947 1305.461 1455.639 1297.95 1399.235 1309.362 1365.682 1305.547 1395.518 1271.881 
1286.621 349.4225 1247.193 356.0577 1145.207 375.6717 1066.275 382.3693 1053.124 382.423 1352.223 342.7908 1404.799 431.6168 1319.442 375.6899 1224.265 655.1802 1178.134 665.1175 1299.78 885.3636 1339.198 1135.319 1273.551 645.3325 1319.401 875.5367 1335.971 1118.781 1266.889 326.3526 1302.929 326.3977 1217.483 306.6095 1322.669 313.27 1345.761 813.0601 1404.881 1016.956 1319.403 1142.003 1460.906 1158.34 1434.639 1171.348 1326.031 1155.031 
1260.027 380.6515 1256.519 401.1643 1136.994 387.5018 1051.285 521.0066 996.6117 647.5919 1376.354 418.3424 1438.103 589.4241 1444.721 763.8451 1219.081 698.8192 1164.098 695.3134 1191.715 907.6116 1242.944 1171.063 1280.532 702.3621 1246.329 931.5664 1160.845 1119.688 1239.477 353.2327 1283.981 356.6613 1194.917 336.2232 1321.547 339.4734 1212.124 1194.952 1215.45 1171.042 1136.755 1136.736 1263.402 1212.07 1239.405 1215.556 1253.109 1191.574 
1197.956 371.2692 1221.98 378.2566 1105.283 364.4622 1002.449 481.001 1029.99 487.9192 1345.558 391.9553 1472.541 501.6646 1458.668 621.7978 1191.171 676.6705 1136.263 669.7671 1023.11 868.7607 1101.934 1005.94 1245.997 693.7108 1112.216 916.691 1074.444 1215.213 1170.699 343.9363 1221.961 343.791 1139.636 336.9251 1256.357 320.0175 947.637 1215.175 971.5239 1222.039 1084.751 1229.002 1026.579 1088.296 1026.592 1081.491 1139.745 1009.392 
1215.821 433.1183 1236.985 440.4672 1101.425 444.0732 990.5371 583.2064 954.7463 722.5471 1358.646 429.5764 1501.514 525.9337 1572.853 672.6299 1237.118 740.4672 1169.215 736.9261 1151.381 997.6766 1190.581 1269.148 1301.293 744.0521 1244.241 983.4907 1179.869 1269.279 1190.623 404.6329 1244.271 401.0439 1154.898 386.6395 1283.468 376.0344 1162.023 1305.053 1240.711 1276.549 1158.434 1304.961 1240.716 1276.382 1212.064 1305.003 1204.922 1304.962 
691.4241 213.1607 658.6075 211.3158 529.5186 236.8132 409.5466 367.7245 398.6566 385.8744 782.2217 164.116 834.9093 278.5985 760.4135 325.8225 625.8809 509.5254 573.1279 520.4237 585.91 507.6935 605.858 645.8386 678.577 496.816 838.5959 634.9868 600.4067 645.9056 664.0813 182.2282 720.4176 180.3784 627.6511 160.4742 749.5778 153.1889 591.3256 664.1098 631.368 649.6049 589.4993 664.0629 631.3705 649.5198 616.7903 664.0847 613.1556 664.0634 
723.6732 276.249 699.9569 281.6672 575.7164 292.6752 464.3591 425.9795 433.3207 568.4266 844.2289 257.9423 922.7277 455.1694 984.7595 637.8148 683.4696 581.2138 615.937 581.2042 588.5526 509.9834 608.5907 648.7516 751.0983 583.0433 844.2115 667.0963 603.1147 648.8188 696.2441 243.406 752.9373 239.7774 656.0676 225.0822 783.9985 219.5894 593.9927 667.1052 634.2157 652.5348 592.1582 667.0581 634.2183 652.4494 619.5722 667.08 615.9212 667.0587 
614.8169 202.5495 627.8807 202.5433 508.9186 199.2216 412.7805 350.8058 425.7678 505.6404 754.9848 209.0121 841.4117 341.0512 823.4438 357.3459 595.2697 500.7656 536.605 489.3577 525.2252 455.1099 543.1071 578.9468 657.2321 513.7727 753.3754 595.3176 538.2204 579.0068 588.7491 174.849 639.2681 173.1516 554.5229 161.691 673.5002 148.7531 530.0799 595.3256 565.9749 582.3229 528.4427 595.2835 565.9772 582.2467 552.907 595.303 549.6489 595.284 
563.4904 214.8248 584.9886 228.7103 473.9574 219.4324 355.1949 342.8534 447.7036 171.631 700.7437 241.0798 763.9964 362.8932 784.0204 446.2065 537.2709 524.8911 484.7648 517.1627 497.1385 430.7727 514.0643 547.9874 597.3453 534.137 713.0884 563.4827 509.4388 548.0442 538.8141 188.6072 589.6718 180.9364 512.5489 173.1476 628.245 171.6375 501.7336 563.4903 535.7092 551.183 500.1841 563.4505 535.7114 551.1108 523.3401 563.469 520.2562 563.4509 
650.8207 178.3564 628.7467 194.1242 524.7774 217.69 416.117 342.0902 357.8811 435.0745 740.5399 157.9183 812.9974 257.0475 806.6817 324.7887 590.9092 491.7285 538.949 501.1615 507.4926 439.7446 524.7709 559.4005 646.0101 485.409 727.9402 575.2186 520.0491 559.4586 627.1547 150.0231 675.9974 145.2153 592.5153 142.1083 709.0096 127.9408 512.1835 575.2264 546.8666 562.6627 510.6016 575.1857 546.8688 562.5891 534.24 575.2046 531.0918 575.1862 
736.3521 217.6311 695.9842 246.2898 578.0651 274.9111 438.3037 384.4166 382.7263 465.2788 820.5467 180.6521 938.4247 317.022 877.7877 343.9894 707.7032 546.0609 653.8315 559.5605 542.7244 470.2731 561.2021 598.2359 761.6041 532.5797 872.7831 599.9209 556.1526 598.2979 706.0831 183.9984 759.9955 180.5347 662.2759 180.657 786.9319 157.0752 547.7409 615.1604 584.8318 601.7245 546.0492 615.117 584.8342 601.6458 571.3286 615.1371 567.9619 615.1174 
651.5461 193.7609 650.0176 216.9875 541.694 215.3969 487.616 383.9558 496.8719 518.5104 770.5884 223.0902 874.2125 346.8261 915.9752 473.6707 653.0758 516.9719 598.8962 513.8597 498.4307 431.8924 515.4005 549.4117 713.405 526.2416 801.5521 550.9592 510.763 549.4687 626.7538 165.924 679.3496 162.7934 589.6694 159.6878 710.2267 148.8914 503.0378 564.955 537.1016 552.6157 501.4842 564.9151 537.1038 552.5433 524.7004 564.9336 521.6085 564.9155 
624.3467 182.0872 630.3126 195.7361 521.29 179.0628 475.8543 342.6268 584.9063 319.9026 745.4364 209.3208 904.4305 331.9496 901.4001 345.6948 598.5603 494.051 544.0236 483.4441 488.011 422.8637 504.626 537.9263 651.5187 503.1181 784.7957 539.4413 500.0855 537.982 601.5532 151.7725 654.5483 150.3368 566.7068 141.2106 684.7994 136.6699 492.5218 553.1446 525.8735 541.0632 491.0006 553.1055 525.8756 540.9924 513.7316 553.1236 510.7042 553.1059 
678.4838 222.2601 659.7018 242.5925 550.3383 267.5392 442.5374 380.0281 381.6072 458.1772 780.0377 208.2399 867.5394 281.6138 915.9487 367.5667 606.6002 537.8555 555.0318 534.7354 503.5095 436.2932 520.6522 555.01 664.3987 551.9166 809.7196 556.5732 515.9675 555.0676 653.4281 194.1211 705.0268 192.4868 617.4871 189.456 731.6271 173.8338 508.1635 570.7116 542.5745 558.2466 506.5941 570.6713 542.5767 558.1735 530.0469 570.69 526.9235 570.6718 
775.4252 192.5711 742.6434 210.6138 621.0819 228.6451 474.9569 358.3336 476.5873 338.6673 859.1715 164.6158 850.9723 350.1468 706.4637 351.82 701.5825 507.7905 645.7374 522.572 529.17 458.5281 547.1863 583.2952 757.3635 501.2407 850.9856 584.938 542.2629 583.3556 749.1451 163.0047 805.0187 159.6932 708.1003 149.8516 832.848 139.9904 534.0612 599.797 570.2259 586.6967 532.4118 599.7546 570.2281 586.6199 557.0599 599.7743 553.7772 599.7551 
671.6134 213.2259 674.668 222.176 567.5104 219.2087 549.619 399.3118 586.8354 497.5297 792.2795 228.1195 872.6173 360.5729 889.0347 429.075 652.3482 521.3445 594.2901 519.8634 479.6965 415.6591 496.0284 528.7613 707.4166 522.8389 771.4246 530.2505 491.5652 528.8161 647.7971 185.0208 695.5559 184.9038 613.6444 174.5491 725.2802 171.5615 484.1304 543.7203 516.9139 531.8448 482.6351 543.6819 516.916 531.7751 504.9788 543.6997 502.003 543.6823 
679.989 244.4502 707.8661 228.0458 598.1439 200.1727 601.3942 336.1158 766.8051 283.7362 829.0388 244.4192 945.3 224.7599 909.2358 282.0833 673.4232 526.062 612.8794 516.2333 527.7462 457.2943 545.7139 581.7256 730.8011 532.6465 848.6958 583.3641 540.8038 581.7859 660.3768 214.951 712.7206 214.8876 630.8853 206.7535 755.3256 193.6303 532.6242 598.183 568.6915 585.118 530.9792 598.1408 568.6938 585.0414 555.561 598.1604 552.2871 598.1413 
1452.235 497.3401 1471.446 505.0603 1334.788 504.8874 1304.54 736.0513 1285.664 895.2231 1622.812 501.3083 1778.192 679.3453 1888.086 861.1831 1452.241 804.445 1376.531 804.2437 1361.4 1080.906 1350.134 1384.098 1528.18 811.8348 1493.929 1099.902 1459.874 1384.183 1418.267 463.3148 1482.61 463.33 1380.308 436.7964 1531.788 436.7917 1327.324 1346.098 1338.609 1346.228 1467.344 1384.23 1346.221 1384.199 1338.617 1384.209 1361.353 1384.179 
1378.442 365.668 1351.233 392.9553 1221.628 396.436 1102.353 474.7493 1020.338 553.312 1484.228 375.9397 1457.083 519.251 1272.848 502.207 1306.949 689.6688 1242.209 693.0672 1255.71 966.0262 1214.695 1214.841 1374.997 682.8931 1480.837 883.9725 1347.948 1115.94 1351.19 338.343 1402.514 335.0721 1303.55 317.9989 1439.877 314.5753 1456.856 1207.901 1453.528 1187.589 1320.367 1129.656 1245.585 1245.537 1225.061 1245.597 1207.944 1245.565 
1197.212 227.1873 1165.003 279.9807 1059.043 279.9782 915.0128 385.8355 885.548 415.2536 1282.482 277.1032 1302.901 438.7215 1182.517 456.3382 1159.01 579.9209 1097.314 579.9142 1073.786 832.6922 1070.944 1003.18 1212.037 582.8198 1208.924 823.8478 1164.906 1032.53 1173.709 200.774 1220.661 200.745 1138.295 203.5709 1253.019 194.7104 1164.831 1053.235 1188.347 1050.336 1156.019 1044.193 1061.968 1053.167 1044.32 1047.247 1088.368 1012.01 
1489.86 282.7213 1244.828 831.3791 1361.815 834.9501 1438.607 1014.246 1453.334 1164.233 1127.798 831.4517 1028.95 966.6871 933.7904 1065.609 1241.071 1131.355 1314.282 1134.967 1317.884 1336.286 1332.727 1248.399 1157.109 1127.686 1208.079 1336.282 1449.657 1284.923 1460.612 249.8515 1519.042 249.8154 1288.591 747.3235 1186.296 758.2136 1449.565 1310.689 1478.828 1307.082 1438.598 1299.438 1321.557 1310.604 1299.595 1303.238 1354.41 1259.387 
2570.497 487.787 2153.954 1535.213 2216.974 1491.139 2097.234 1188.314 2040.084 998.7809 2059.295 1535.37 1857.234 2059.307 1686.959 2046.478 1958.28 1762.614 2002.377 1794.018 2059.168 2153.81 2299.391 2153.897 1901.415 1737.39 1888.884 2128.543 2501.134 2216.913 2520.036 431.0758 2620.846 431.0136 2387.283 1529.045 2046.584 1383.891 2500.975 2261.369 2551.463 2255.145 2482.054 2241.957 2280.121 2261.222 2242.227 2248.513 2336.802 2172.856 
3672.559 696.9183 2905.985 2130.524 3023.193 2004.25 3176.484 1661.485 2843.073 1048.563 2788.962 2202.498 2653.495 2942.203 2410.217 2923.875 2743.78 2382.891 2770.691 2148.475 3212.358 1535.425 2851.961 895.1372 2644.682 2392.085 2708.027 2933.224 3573.458 3167.381 3600.463 615.8931 3744.494 615.8041 3410.794 2184.6 2924.026 1977.213 3573.23 3230.897 3645.364 3222.005 3546.198 3203.161 3257.688 3230.687 3203.548 3212.529 2842.955 831.8408 
1526.91 289.7521 1091.972 851.9559 1035.82 889.6093 1137.015 810.7826 975.7982 638.3786 1144.455 807.0683 1103.222 1223.256 1002.077 1215.636 1185.649 1136.955 1151.948 893.254 1335.576 638.3713 1185.737 372.164 1099.558 994.5381 1125.895 1219.523 1485.708 1316.877 1496.936 256.0649 1556.818 256.0279 1009.538 799.4827 1215.699 822.0499 1485.613 1343.284 1515.604 1339.587 1474.374 1331.753 1354.423 1343.197 1331.914 1335.647 1181.993 345.8477 
564.7904 237.6543 561.4063 261.3568 446.1107 278.3885 313.9259 408.8491 276.6723 561.3631 681.6846 234.2542 830.7377 330.8901 846.078 478.275 561.3776 561.3569 500.3603 561.3615 603.6702 288.5388 535.944 168.2152 624.0369 561.3636 508.8957 551.2149 671.5284 595.218 542.7031 213.9504 590.2379 208.9174 508.7768 202.1023 622.3552 195.2402 671.4855 607.1541 685.0411 605.4829 666.4056 601.9418 612.1885 607.1146 602.0146 603.7022 534.2514 156.3205 
689.006 206.2053 651.5143 207.955 522.7095 232.9622 418.9532 349.1979 445.7945 449.3406 782.0034 163.1333 821.3089 266.9658 758.7565 318.7623 622.81 506.5786 565.6302 517.3263 637.1077 304.5211 565.6301 177.5327 676.5186 492.3148 821.368 624.6561 708.7246 628.1874 662.1843 177.4901 717.5961 172.1732 621.0114 152.4633 748.0728 148.8536 708.6794 640.7845 722.9858 639.0209 703.3181 635.2836 646.0978 640.7429 635.3604 637.1415 563.8438 164.9792 
728.2755 278.0018 702.5414 276.1754 575.7199 296.3326 476.4287 397.4728 436.0316 520.582 843.9841 244.955 915.6768 447.0728 974.46 636.3908 686.0087 575.7195 623.4324 579.4059 654.6934 312.9266 581.2429 182.4331 753.9928 573.8823 845.8368 671.3289 728.2871 645.5268 700.7177 244.9207 757.7145 241.249 656.642 226.4611 788.8746 213.6762 728.2406 658.4717 742.942 656.6594 722.7313 652.819 663.9317 658.4289 652.8979 654.7281 579.4073 169.533 
611.9204 200.415 631.6156 198.8 518.4909 185.6877 408.6425 306.9571 488.9339 190.5761 759.4885 203.6759 810.2927 269.2793 782.43 280.7635 587.3265 495.5128 529.9975 482.4346 584.0182 279.1457 518.4968 162.7391 648.0013 507.0107 754.5274 598.8579 649.6674 575.8412 585.7358 167.6723 636.6008 164.3293 556.2606 161.0438 675.9285 146.3497 649.6259 587.3887 662.7402 585.772 644.7114 582.3462 592.2593 587.3505 582.4166 584.0493 516.8594 151.2316 
562.249 213.8125 582.1758 227.6475 471.6706 218.374 353.4933 341.202 444.0515 170.7917 697.3619 241.4117 763.3358 367.276 780.2015 447.0944 534.6379 523.8571 482.3945 516.2036 546.8574 261.3838 485.505 152.3841 594.4851 531.5357 706.5171 560.7527 608.3293 539.2006 537.6824 187.7093 588.3417 183.0701 510.033 172.3127 623.6527 169.2757 608.2905 550.0133 620.5703 548.4995 603.6886 545.2917 554.574 549.9775 545.3576 546.8864 483.9718 141.6088 
649.3081 176.4018 630.4567 193.6286 523.61 217.2252 416.7781 336.66 353.9199 441.9038 740.4202 157.5755 811.1572 258.0626 801.7385 324.0651 588.0524 490.6166 537.7402 498.4895 559.7078 267.526 496.9138 155.9649 644.5649 482.7421 723.1194 573.9297 622.6243 551.8712 624.2112 149.652 674.4184 144.9058 591.1516 138.6751 705.8856 126.1215 622.5845 562.938 635.153 561.3885 617.8746 558.1053 567.6058 562.9014 558.1728 559.7375 495.3445 144.9364 
731.0328 211.5899 709.2285 233.3376 595.2856 266.8445 496.4189 412.6343 436.0925 489.7176 829.8922 186.4241 923.7125 340.5536 957.207 476.314 714.2745 533.2951 652.2877 543.3379 596.9155 285.3103 529.9471 166.333 771.2355 523.2296 878.4946 612.0511 664.0145 588.5579 702.5441 181.3762 757.824 173.0128 657.2512 177.9971 782.994 154.6377 663.9721 600.3604 677.376 598.708 658.949 595.2065 605.3386 600.3214 595.2785 596.9472 528.2736 154.5714 
677.6166 197.1519 676.0907 219.7057 559.9714 211.596 511.6049 377.7372 522.8999 487.4048 803.4362 229.3677 898.5697 329.3805 937.3343 443.8192 682.4952 519.6373 624.4619 511.5835 574.4272 274.5615 509.9818 160.0666 743.7946 527.7131 845.3981 588.9927 638.9983 566.3845 650.2133 164.8764 703.4279 160.1166 606.744 160.0157 730.8553 145.5142 638.9575 577.7423 651.8564 576.1522 634.1237 572.7827 582.533 577.7048 572.8519 574.4578 508.3713 148.748 
603.5294 183.3454 609.3053 203.813 500.9872 186.2853 457.0691 312.1766 473.1988 382.4602 720.5566 217.0426 894.7476 332.6257 896.2201 370.7113 568.311 500.999 518.5332 489.2727 521.4438 249.2368 462.9427 145.3025 618.0856 511.2249 767.4211 534.6658 580.059 514.1429 580.0972 156.9604 629.8145 154.0846 546.3504 143.8377 661.951 142.3433 580.022 524.4531 591.7312 523.0096 575.634 519.9509 528.8019 524.419 520.0137 521.4715 461.4807 135.028 
646.8499 221.403 631.7623 236.5701 522.7486 254.7462 430.3764 384.9682 365.2978 468.2793 751.3896 212.3815 863.4149 294.0965 939.1369 406.1912 587.8734 533.3423 539.3873 521.2299 539.368 257.8041 478.856 150.2972 640.8504 542.4367 793.8007 553.0445 599.9981 531.8162 621.1696 191.1526 671.1469 188.0989 586.3459 185.0919 698.3689 175.9946 599.9598 542.4808 612.0715 540.9877 595.421 537.8239 546.9791 542.4456 537.8889 539.3967 477.3437 139.6695 
785.6813 204.6176 750.8154 222.9007 623.0121 249.4381 481.8874 382.2908 483.5747 392.2092 867.0226 169.7817 860.4094 373.9658 772.4355 440.3874 724.2807 521.7249 666.1805 543.3209 591.4197 282.6834 525.0679 164.8016 780.7236 511.7974 870.4063 606.416 657.9009 583.139 759.1032 176.3493 812.2489 166.469 714.3413 163.0686 840.5265 146.5269 657.8589 594.8329 671.1394 593.1957 652.882 589.7264 599.7652 594.7942 589.7977 591.4511 523.4097 153.1482 
