983.4592 103.6193 977.7073 209.3173 880.7076 200.7482 763.5765 303.5776 832.1048 426.3616 1072.05 212.1544 1171.909 326.3804 1103.457 434.9911 969.0325 509.1919 900.5764 506.3372 877.6503 714.9231 849.1921 900.6184 1034.845 512.0114 1060.592 706.3138 1086.241 900.7139 966.2246 83.60688 1000.631 83.64676 934.9105 103.4544 1029.205 103.6626 1137.762 949.3083 1149.079 943.4128 1071.983 920.6292 786.3585 952.0255 783.512 943.3835 857.8077 920.5733 
959.8994 102.4995 957.1685 210.0509 855.2354 207.2486 750.5077 306.2893 824.1738 430.8276 1050.556 207.2307 1146.668 311.9498 1092.941 425.1897 954.3424 510.0376 891.9979 507.2354 869.3004 702.4834 843.8724 892.0293 1019.401 510.1273 1050.489 708.0359 1075.947 894.877 937.3989 80.07796 979.7457 79.97543 911.8402 99.78407 1005.348 99.84976 1138.168 948.6675 1140.953 937.3557 1061.8 914.7064 781.6081 942.9426 778.8342 928.8743 849.6898 911.7863 
865.6075 101.7246 857.2584 208.1093 759.0805 205.3443 647.2537 311.6601 737.2769 434.4327 950.0447 210.797 1029.239 306.2009 990.8663 409.9672 860.0162 508.0966 794.6778 508.1336 778.2476 688.1014 808.2085 862.7101 925.4761 505.3899 971.9323 682.7358 1015.696 859.9991 849.1469 87.94427 884.7291 88.04778 819.0323 98.99522 906.5801 101.7087 1086.474 903.7168 1089.247 890.0463 1007.319 881.7606 756.3591 909.175 751.0208 901.0183 821.8278 876.3926 
826.9473 101.6224 799.6396 205.2326 712.3561 191.5244 597.8561 286.9426 674.1739 417.8808 886.8618 213.3997 935.9822 330.6061 892.2958 428.8748 807.8115 505.1212 750.6497 505.1513 769.5971 696.0128 791.3674 859.4975 862.3619 502.4236 903.3118 687.8676 963.163 862.3022 810.5627 82.55536 843.3212 85.25913 775.0404 98.85036 862.4977 101.5637 1039.595 886.8674 1036.906 881.3026 946.8831 884.1607 761.4443 906.1054 750.4219 900.5289 799.6573 865.0774 
808.9093 97.17073 784.8423 201.4036 696.5096 188.0335 586.8179 287.0284 667.0626 415.5038 873.1614 206.8573 929.4763 316.517 886.5781 418.3178 798.1975 501.1062 739.3119 501.0775 758.0382 685.8581 776.7772 843.705 851.7497 498.5085 891.9574 672.4306 948.045 846.4973 787.5894 81.02503 825.1191 81.00674 758.1205 97.01749 846.4868 97.12811 1033.693 870.5352 1028.391 865.0787 931.9753 867.94 744.6664 891.8662 734.0238 883.9288 784.8499 849.1584 
845.0682 99.80666 822.9963 204.1128 734.97 190.5233 627.6523 297.6777 693.7676 407.6178 910.9427 206.9365 955.1299 338.8778 982.476 429.8136 831.256 503.9991 773.4504 506.7518 781.6766 696.5524 798.1674 866.9919 891.8719 501.2249 938.548 671.846 963.2283 866.9136 825.7036 80.41491 866.9163 80.52674 798.2391 96.84794 889.0994 99.62207 1001.698 913.6751 1015.467 905.4493 954.8864 883.546 762.4847 916.4987 751.5438 908.2756 806.5009 875.2611 
833.8767 100.6775 858.9413 203.4737 783.9241 211.8177 747.9233 347.974 689.576 275.7086 942.2571 189.4728 1031.085 311.7956 1058.988 445.1348 861.7842 503.4602 808.8955 503.4484 795.1174 700.6902 811.7861 875.6096 922.8865 503.4519 961.6891 695.0831 986.694 875.5405 811.9043 81.29006 853.4308 81.24982 789.6169 100.5749 881.1556 97.97794 986.6821 922.8616 1008.914 917.3502 981.2294 886.7202 745.2193 922.9232 745.1334 917.2534 831.2548 889.511 
835.2133 109.8894 863.3777 210.6312 790.3941 216.37 756.7949 356.3963 698.0556 289.1457 947.2782 191.1928 1034.041 319.8827 1064.77 454.3799 874.482 510.4256 815.6874 510.4048 801.6026 697.9658 818.4708 882.924 933.3152 513.1641 969.692 706.4748 992.0936 885.5508 815.5855 93.12921 854.8561 93.12599 793.2856 104.3487 885.5543 101.6541 989.2711 930.5577 1014.381 927.6503 991.9713 896.8153 751.1609 930.5245 751.1247 924.8256 838.0766 902.3873 
833.2433 114.4406 849.9088 211.5345 763.7989 219.947 722.3639 364.2456 677.8801 319.7547 938.6476 203.2289 1002.52 336.4618 1033.005 436.3803 861.0255 511.3284 805.4818 508.5818 785.9569 700.1326 811.1467 874.9717 924.8162 511.3401 955.412 700.1106 972.0296 869.3438 811.1783 95.10023 852.7558 95.05286 788.7402 103.4111 877.7537 103.4031 966.5649 902.5947 988.6799 899.7946 969.2347 877.5676 744.3878 921.9907 744.3722 913.73 833.1809 891.5895 
858.7006 105.195 824.7357 212.3737 737.3026 201.1388 621.6899 291.3661 697.7562 418.3555 909.4402 215.3111 948.9648 350.6903 1030.781 305.4721 847.2733 511.5259 782.5516 511.6011 796.5518 709.024 816.3687 892.5601 909.4825 508.7617 951.7249 709.059 974.3711 895.3503 838.9187 90.97599 872.8744 90.99233 802.1944 102.365 895.293 102.4841 1044.97 946.1946 1047.724 934.905 957.3339 915.2197 765.5808 937.8188 759.8377 932.0158 827.7142 912.1369 
818.6264 120.5452 785.7919 207.7987 720.3406 196.9346 597.7938 292.353 663.1929 428.7285 848.5575 218.7776 875.7562 346.9429 949.5139 295.2027 794.0106 507.6861 744.8607 510.4071 752.9825 706.6951 753.0051 862.0692 840.4615 499.6058 903.1267 687.6349 946.6537 873.0135 799.3837 98.9769 837.6488 98.93104 769.4722 115.23 859.3113 117.8188 1033.901 911.1686 1033.853 902.9833 927.5982 892.1683 747.6874 908.462 728.5836 903.0297 761.2655 867.6032 
821.0388 120.4774 793.6666 210.476 717.3433 205.0639 600.2773 300.5186 681.9738 422.9689 864.49 218.6874 891.8101 354.8888 968.0514 316.9093 804.6088 510.2764 750.0548 512.9854 750.0944 692.8544 752.7953 859.151 859.1897 507.5331 921.6719 673.7813 946.165 864.5678 799.2241 98.83614 839.9792 98.79924 771.8459 112.4727 861.7085 115.2011 1028.006 908.1166 1030.685 899.9617 924.5762 886.3835 747.3404 905.4985 728.2963 902.5811 763.6993 864.5865 
851.5062 126.0924 848.6598 234.0325 757.7095 236.9961 672.3694 373.3746 652.507 285.3567 936.9084 217.1034 1016.686 345.0683 1042.256 256.8064 874.4233 532.9241 806.1207 535.7048 763.5099 717.8759 803.1017 897.1851 945.4573 532.8125 1013.732 712.1155 991.1885 900.0561 828.8386 106.0736 868.6821 106.0896 800.2971 123.1957 897.0846 123.212 1047.997 956.9167 1056.455 942.7458 973.9249 919.8829 743.4872 948.3788 740.5497 942.5723 814.588 911.3491 
961.7672 263.933 965.0224 346.5999 860.343 362.3191 777.8801 492.5152 749.2521 413.1508 1063.346 340.1782 1158.421 463.8875 1180.62 381.393 999.8542 644.5709 920.6086 644.6157 797.0231 806.3913 885.707 1003.095 1076.104 641.4021 1177.569 825.508 1107.664 1012.601 939.5969 238.6053 980.8555 238.6503 901.6745 241.9435 1012.517 242.0264 1187.023 1063.356 1183.897 1050.692 1079.305 1028.392 806.3908 1053.736 803.341 1047.325 907.9312 1021.989 
813.2548 123.5417 810.4313 221.3321 712.6901 232.4261 617.7 321.7386 681.9228 366.531 902.4111 212.9107 972.2977 321.6892 1014.145 391.5224 838.3522 520.0299 771.295 522.7412 746.2313 704.3177 771.2343 877.4359 905.3422 514.4311 949.9787 684.7017 972.363 883.046 793.6509 101.3431 835.4011 103.9638 765.7615 118.0129 857.8856 120.8015 1036.604 930.4852 1042.101 924.7059 958.3815 905.3166 721.052 924.9561 712.6504 913.6799 788.0932 885.8807 
732.3615 117.641 732.2334 210.1533 642.4474 223.7165 574.5408 335.1432 702.3776 305.3206 822.0217 204.5935 919.8868 310.6859 966.2742 403.2778 778.5015 506.564 715.9193 511.9813 713.2901 702.2727 751.2708 854.6768 841.0818 495.6775 881.9938 683.3978 928.0426 860.0506 713.2617 98.52913 751.37 98.55044 683.3813 114.8122 773.1077 117.638 947.0399 903.6713 966.1716 898.2047 922.7188 876.4315 704.9686 903.576 694.2308 892.7433 770.2673 862.8274 
748.8105 123.4688 757.1576 226.7879 659.5285 232.4491 589.7593 352.3931 706.8909 366.3997 854.7988 215.6447 946.837 324.4416 972.1053 441.6967 807.3011 522.5676 743.189 525.4727 731.968 723.6216 768.4033 879.8564 868.8028 508.7083 916.2011 704.0853 949.6232 879.9269 726.5472 103.97 768.2806 101.29 701.2137 120.7007 793.293 120.7235 977.6161 927.3777 994.3602 919.0111 944.0908 899.4337 720.881 927.3214 712.4574 916.2108 787.872 888.2946 
896.3683 125.8229 896.361 230.4476 797.4006 236.244 701.4428 346.7961 666.7018 480.4772 1000.943 221.8587 1117.269 314.8737 1009.643 340.9492 913.6851 529.947 846.9092 532.8083 809.0444 721.8503 803.2905 916.6818 980.6624 532.8193 989.4471 730.672 989.292 919.4738 876.0433 105.3408 919.4664 105.4116 849.7885 108.4094 942.9052 122.7688 1027.106 969.0865 1038.75 963.0571 971.8786 936.9108 747.9709 963.191 739.2711 948.6274 820.7026 931.2338 
939.0014 108.1496 947.3318 212.733 851.2672 215.573 758.0842 328.571 704.3021 438.7727 1043.463 206.9441 1142.488 319.9999 1026.495 320.0766 930.3512 512.252 868.3163 509.3636 822.9146 676.1235 789.1272 888.0487 984.245 520.6761 975.6274 712.9158 961.4171 893.5809 921.9729 88.31419 961.637 93.93048 899.289 99.60744 992.54 105.2567 992.5413 944.545 1006.689 936.0379 941.7206 907.7816 710.0498 933.264 710.0737 919.1025 803.3306 907.8062 
904.6613 104.1792 915.4453 207.5093 817.5654 207.7043 733.1258 321.9403 694.9597 441.6532 1008.027 204.7384 1097.831 305.6668 999.8923 338.2313 899.1737 507.0677 839.1727 498.9403 798.3967 665.0651 757.6128 858.2661 956.3502 509.8485 942.7018 692.2479 926.3549 861.0597 890.9338 85.10089 926.4448 90.50031 866.5206 95.95591 956.3038 101.4605 953.5526 904.6931 969.8489 899.1215 910.0276 877.2681 683.9867 901.7859 684.002 885.6059 773.869 877.3175 
875.5729 97.89038 891.8018 200.4834 805.467 203.2229 770.4255 330.0834 743.2725 370.6277 972.8889 187.0712 1026.814 335.5267 1021.543 459.8155 881.0942 500.2922 827.0815 497.5707 786.6635 667.775 748.7634 851.2833 940.4709 500.2911 929.6985 681.3437 918.8571 854.0212 854.1475 79.00393 894.5676 76.44489 832.446 95.31068 919.0413 95.21553 945.8978 897.3475 962.0476 891.799 902.7191 870.2524 678.5275 894.612 678.514 881.1082 765.0497 867.6085 
903.3478 106.4581 946.1407 211.9875 857.736 220.6337 834.7491 343.4553 831.9087 437.7855 1026.129 192.2114 1148.882 297.7632 1080.39 446.2278 946.151 511.9875 883.3726 509.1325 791.9467 660.5109 769.0295 874.7566 1008.937 514.8242 994.6832 720.6125 971.9984 900.4078 880.6307 94.95195 923.4105 86.3996 863.2951 106.3623 954.7894 100.6151 974.7455 949.1338 997.571 946.1856 966.1992 909.0202 720.4593 946.0626 714.7552 928.9846 789.0388 889.0028 
900.058 104.4113 933.6774 205.1767 860.7065 210.8844 838.3623 334.1263 816.1304 432.0763 1014.875 191.3046 1110.243 320.0426 1051.369 460.2026 925.222 505.0575 866.4471 502.1614 816.0103 684.2515 771.2476 869.2031 978.4695 510.6195 967.2852 706.7065 950.4664 883.312 883.1656 90.34649 916.8334 87.52645 860.9578 101.6383 953.1843 98.84363 900.0912 908.4908 928.0308 916.899 956.125 905.6028 703.8422 930.9943 698.355 925.2726 787.9485 888.8118 
1062.309 116.6413 1099.837 226.1955 1034.009 210.5609 993.5045 332.7447 962.2041 395.3567 1168.812 238.6822 1259.576 385.8827 1140.535 523.7311 1027.884 517.439 974.6672 486.0702 786.6498 486.2507 833.6348 711.6152 1081.036 551.9119 1049.825 761.6842 1062.191 984.0464 1040.499 91.71378 1087.377 97.87081 1021.628 104.1059 1134.287 113.4487 1002.8 1034.085 1034.033 1037.119 1071.712 996.5236 764.7396 786.8332 761.5917 774.2206 855.6383 727.3001 
1112.154 138.8796 1150.758 241.739 1092.943 219.3215 1089.766 347.769 993.4268 395.9841 1211.821 261.0157 1272.894 421.5728 1150.765 540.445 1041.488 521.1314 1003.012 479.4606 807.0954 447.1942 832.6274 681.856 1086.475 550.1566 1064.03 781.3904 1086.474 1012.599 1092.926 113.2492 1140.955 116.4053 1073.646 113.1664 1186.09 135.6629 1019.144 1060.776 1047.965 1063.999 1099.391 1035.063 752.4261 752.4644 752.4637 742.7847 861.6093 704.2742 
1057.751 122.0159 1092.003 233.8626 1026.703 215.3855 986.322 336.4919 936.5542 411.0699 1157.347 240.1556 1231.812 395.6084 1107.537 523.0927 1001.735 519.9599 951.9799 488.8232 777.917 544.8054 858.7473 793.4921 1051.453 551.0466 1032.763 762.5137 1054.519 979.9778 1045.355 97.16768 1085.669 106.5345 1029.646 106.4716 1129.357 122.0882 989.4124 1029.669 1017.3 1029.848 1070.128 998.6471 812.2098 883.7505 806.0198 877.4085 883.7804 809.0938 
871.7839 99.812 865.98 207.1547 761.394 201.4978 668.0861 303.3199 710.3766 422.0082 962.1321 209.9669 1027.179 334.4174 1004.466 441.8301 854.7709 506.9452 795.3607 506.8549 798.213 704.8754 798.1973 891.478 919.757 509.6885 919.7307 713.4062 916.974 894.3314 857.5602 79.77097 894.3731 80.02487 829.382 82.73156 919.8518 99.74007 925.4436 939.5938 950.8634 933.9435 911.1801 911.2012 775.5894 945.2437 758.5533 936.7521 806.5981 899.994 
792.9379 107.1222 770.5242 207.8493 686.5737 207.8714 594.1774 333.874 694.8939 456.92 843.3646 205.1005 882.549 328.2888 896.4635 415.1236 815.1667 504.5091 753.7882 504.6494 753.8014 706.2147 770.4105 879.5952 862.941 498.9778 913.3088 664.1175 868.5253 862.8817 770.4954 93.02253 806.9512 87.45408 731.3236 98.77037 826.4529 98.54547 930.0304 932.8472 935.7073 924.4432 846.0959 882.4359 790.0995 924.462 764.8733 924.4038 770.4951 885.3981 
853.2962 121.2421 821.5976 222.6717 745.569 238.4294 682.2116 393.894 789.9977 517.349 897.5858 213.2409 948.2752 346.273 980.1221 441.3844 904.1591 511.0874 853.2864 539.5504 865.9812 764.5728 872.4853 989.6422 961.0927 482.5877 1154.597 495.3162 1059.374 723.299 824.882 105.3716 872.1818 95.94078 777.368 114.8646 888.2446 111.5616 1125.893 802.692 1129.033 796.1831 1027.793 739.2114 894.537 1052.915 866.0524 1049.846 875.5531 1002.221 
837.0027 118.4492 802.8795 220.7305 731.8495 233.0694 675.9937 387.893 778.3134 508.7071 864.9473 211.3366 905.3071 344.5864 951.7286 449.9106 886.5641 508.8223 840.093 536.657 852.5001 778.1794 852.6685 967.1452 933.0872 483.8841 1128.22 490.2192 1028.943 707.002 809.1414 106.0437 852.4239 96.76703 762.7746 115.5069 867.9549 109.2157 1094.118 793.6413 1097.208 778.2867 1001.192 725.5577 874.2322 1026.046 849.348 1025.845 852.5919 976.5147 
809.4591 115.8243 779.9037 219.1013 709.0853 224.9566 647.121 369.6155 753.3254 484.8754 850.7181 204.4468 892.0287 337.1464 933.293 425.7277 859.6713 508.3021 809.3569 526.0785 815.2911 741.6232 815.2383 927.4327 909.8882 487.6932 1030.732 644.103 959.9479 862.5889 782.8286 101.1476 818.2879 95.14701 741.657 115.8484 838.8765 104.0559 1010.125 956.9851 1018.931 945.1473 933.3062 880.2316 835.8969 977.5641 809.4359 974.6871 815.2715 933.4509 
823.3998 102.1963 814.9473 206.4043 724.7472 206.4099 634.6351 333.2165 707.877 459.9828 899.4669 203.5544 955.7712 330.3619 972.6624 437.3383 843.1693 505.0739 781.2088 507.8932 792.4377 710.6874 778.3156 888.2137 907.878 502.2189 930.3925 688.2039 938.972 888.2769 800.8771 85.23567 842.9598 79.75386 772.6486 99.28423 865.591 96.43495 992.4217 941.694 1000.899 933.2284 930.345 907.9641 798.0256 933.3632 775.4142 933.238 778.3187 896.6304 
843.6093 105.0081 832.3674 212.0273 742.0867 212.0333 663.2973 344.6711 711.0428 474.3392 922.576 206.4912 979.0192 338.9621 1001.543 440.3921 857.6796 510.9576 798.4861 513.8201 795.6928 708.3883 778.7098 885.9365 914.2073 508.1742 936.7752 691.3735 939.475 891.4277 821.1407 82.57089 863.2476 82.57489 790.061 99.44415 888.5791 99.42005 998.6229 939.5104 1004.278 933.674 928.1719 911.1551 787.2549 936.5425 761.8527 933.7072 778.8528 891.6356 
881.1597 150.5349 878.348 250.1963 781.326 258.986 705.1475 408.7587 757.8381 546.6267 975.1644 244.3492 1027.964 394.0734 1036.767 534.8911 898.7558 549.5013 828.351 552.4287 760.888 737.3827 799.053 925.2487 969.1691 546.6471 1045.453 734.4307 1063.042 925.2348 857.754 129.951 901.6526 129.815 828.355 147.4097 925.2863 141.647 1112.943 972.2646 1118.895 960.4341 1042.609 945.7623 734.3989 972.2434 728.6167 960.4561 813.7778 939.9376 
1020.139 263.981 1016.9 360.5622 893.7913 360.6953 860.3168 547.2552 863.5668 727.108 1130.258 357.3512 1183.407 547.2219 1190.116 707.0605 1023.455 660.4906 940.288 657.2405 860.248 813.7101 910.3077 1053.542 1103.445 667.1788 1210.313 836.8959 1216.909 1053.589 993.5504 237.4079 1033.678 234.1237 950.2698 250.807 1073.604 250.767 1280.175 1106.957 1290.233 1100.143 1206.838 1076.808 830.4067 1103.617 827.0829 1090.291 923.7888 1073.58 
891.5223 149.2407 885.777 245.4523 781.1157 256.9451 763.485 417.0757 780.9358 562.5739 987.577 242.4666 1025.56 399.5489 1028.377 542.2363 900.3882 545.0963 833.4387 545.2354 795.4698 708.1998 798.3419 917.9114 967.4069 542.254 1028.459 711.1031 1060.638 914.9276 868.3162 128.7691 906.1958 126.0504 830.5709 149.164 938.2141 146.2194 1101.198 964.4682 1115.751 955.6446 1057.455 932.3693 728.4809 964.2613 725.6017 946.9519 807.2316 938.231 
898.7461 120.6533 916.4014 226.0641 816.9486 246.4397 781.8522 410.3992 729.1177 547.8011 1012.899 214.2845 1065.62 369.3152 1071.428 509.8155 948.6537 524.3254 884.2289 527.2935 834.5682 711.5471 802.2709 922.2639 1015.9 518.5029 1042.323 711.5234 1068.568 922.2529 875.4712 103.0704 916.3724 100.1596 851.8526 120.7031 945.6063 109.0072 1089.075 972.0397 1109.536 966.0818 1062.612 933.9478 723.262 969.0923 723.2657 960.2055 811.037 945.5507 
989.4856 156.1956 1029.756 271.3108 927.2368 299.2407 830.938 436.0598 712.8106 544.8984 1129.269 249.4832 1185.382 407.9761 1200.739 541.757 1082.544 566.63 1011.222 579.0193 942.8326 781.1781 858.7637 983.3265 1147.955 560.3907 1154.223 781.1168 1135.592 983.1646 967.5938 134.614 1008.11 131.4139 939.6576 159.2748 1039.125 140.646 1182.108 1039.166 1188.4 1029.748 1123.016 998.6716 780.9828 1029.823 780.997 1014.276 865.0068 1011.168 
962.6523 134.2716 989.9008 252.5185 889.7929 267.7709 795.7283 416.4211 686.3892 522.5272 1089.936 231.2911 1150.702 392.0948 1150.751 531.7801 1029.261 549.9254 959.561 555.994 889.8547 759.1962 835.2165 962.5743 1093.041 546.9177 1108.222 759.1943 1108.163 959.5126 941.3206 119.1054 983.7771 110.1452 914.0736 137.3077 1014.083 131.1554 1138.539 1011.051 1153.803 1002.013 1099.049 977.674 741.1416 1005.071 744.084 995.9687 844.1849 983.9373 
