401.4186 107.5406 341.9771 190.6822 321.174 184.7236 344.9156 330.158 463.7206 348.0227 365.6974 193.7028 410.2928 374.6722 466.7173 365.8506 353.9267 490.4441 348.0297 496.4014 315.3861 704.1357 223.4512 965.2966 359.8769 493.3767 404.3465 698.2521 484.5827 911.7845 383.5822 86.82929 413.2444 89.86196 327.2262 98.64021 0 0 576.4479 888.1531 567.6151 885.0758 478.6071 938.6629 327.1935 982.9899 306.4359 989.0778 199.6008 991.9731 
628.3917 152.626 566.3712 255.928 538.8873 235.4954 552.5499 397.3613 673.2231 428.4612 593.8864 262.8861 617.9461 466.3428 724.8477 483.7344 569.8051 555.9083 569.7468 555.9726 662.7742 790.4001 435.2679 976.6985 573.2135 555.9767 600.8033 807.6298 597.3511 1066.219 611.128 131.9402 645.5785 142.2023 559.3339 148.9455 0 0 700.8661 1080.054 697.2045 1066.274 583.574 1093.871 476.6434 1090.397 452.4573 1086.788 400.7679 976.4902 
749.1542 177.3074 692.5646 272.6333 660.8208 265.5115 657.4454 417.3438 787.9656 466.9479 720.9694 283.2772 717.3768 434.9343 802.0447 459.7761 689.1179 572.6135 678.5113 572.6339 801.9255 784.5442 791.5073 1063.256 696.2295 572.6426 636.2437 830.4227 608.0361 1091.478 724.4918 152.7835 766.7275 156.2215 675.0228 159.8618 0 0 717.3903 1105.58 696.3115 1091.537 593.8922 1119.793 907.9894 1091.569 879.7834 1105.678 773.8029 1088.008 
836.2389 181.8271 777.016 275.8568 759.6318 272.3994 773.5596 432.51 902.2859 449.8848 801.3801 279.2717 815.2653 428.9549 881.4117 436.0323 797.9407 575.1262 801.3463 575.1682 857.1295 811.7475 909.2092 1065.834 797.9154 575.1824 745.7358 804.9135 620.327 1045.054 818.592 164.4297 846.7427 164.5379 763.2386 174.967 0 0 707.4595 1090.247 696.9412 1079.863 592.4969 1069.458 1027.611 1090.159 1010.126 1097.198 898.7716 1090.283 
940.6418 179.0765 877.8983 266.3535 881.1932 263.0494 909.3416 430.7221 1038.544 430.489 870.8226 266.4149 933.6815 402.7687 1014.041 406.0447 919.7932 563.4138 930.1055 566.8375 947.6873 818.3265 919.7462 1069.868 912.8375 566.8229 996.6459 786.9708 818.451 968.6467 923.1805 154.7815 951.1703 158.072 863.8146 165.0635 0 0 853.4063 1048.999 853.4196 1038.458 786.9599 968.6775 1034.985 1097.939 1010.608 1104.834 902.262 1087.406 
1021.306 178.5784 969.0059 275.9427 961.9994 272.5856 996.9093 429.3797 1122.191 432.861 986.5032 272.4919 1014.266 425.7831 1101.49 429.2026 1017.666 571.9701 1000.338 572.0723 962.1155 812.2306 916.7345 1063.006 1038.634 571.9888 1104.877 798.3514 1150.143 1042.131 1007.237 157.6926 1035.183 161.0388 954.966 178.3822 0 0 1261.436 1066.438 1251.09 1052.543 1129.272 1073.391 1021.319 1094.242 993.4534 1097.988 895.8771 1083.941 
1233.617 174.4365 1178.172 303.566 1133.901 281.586 1100.628 447.476 1270.505 451.147 1226.126 314.6714 1226.255 465.916 1322.193 484.2656 1204.048 602.4481 1167.314 602.5364 1193.009 857.1096 1019.648 1078.657 1244.582 602.4249 1252.028 872.0431 1255.912 1122.808 1211.398 159.7838 1233.634 159.6671 1156.073 189.1702 0 0 1377.484 1159.832 1370.252 1144.971 1244.611 1156.038 1104.292 1163.618 1071.135 1163.502 990.0168 1082.337 
1431.693 170.6241 1353.016 328.0942 1274.023 300.6664 1211.24 485.6491 1372.747 454.207 1435.961 351.752 1498.986 537.0287 1483.138 489.803 1337.401 627.6876 1282.234 619.9152 1368.718 864.2983 1329.361 1159.895 1392.359 631.6428 1388.582 887.9368 1321.462 1163.851 1400.488 154.7451 1424.001 150.8267 1337.16 178.5457 0 0 1408.219 1211.275 1467.265 1223.021 1282.058 1207.201 1475.223 1234.76 1455.533 1242.614 1301.839 1207.182 
1365.374 158.3074 1299.37 304.5054 1211.756 282.6963 1167.813 454.701 1328.703 425.2515 1383.728 315.5891 1394.718 494.8144 1383.639 447.2017 1299.477 604.5054 1244.72 600.9848 1295.786 849.601 1350.721 1127.619 1350.71 604.4986 1303.078 864.1471 1244.834 1102.063 1350.676 136.4207 1361.787 139.9962 1281.269 161.9396 0 0 1303.257 1153.086 1303.348 1134.911 1226.38 1131.324 1343.373 1182.477 1332.452 1182.413 1361.641 1153.236 
1327.561 134.6712 1257.161 275.4464 1193.826 268.3773 1179.74 458.2053 1323.922 387.9586 1334.399 292.9066 1359.218 465.373 1341.681 391.4816 1281.819 574.4313 1236.001 574.4933 1253.53 827.851 1302.937 1081.215 1334.441 574.3602 1397.955 803.1093 1257.185 996.7754 1306.38 124.0766 1316.932 123.875 1250 148.6029 0 0 1218.478 1028.393 1232.457 1032.041 1236.001 1000.274 1292.317 1137.545 1274.708 1137.339 1324.038 1098.842 
1301.872 121.7292 1244.897 258.9766 1167.627 255.8022 1160.808 439.912 1288.374 386.3513 1325.334 259.0734 1379.002 419.8977 1325.07 389.8883 1275.028 557.4596 1221.285 560.7718 1217.972 808.9219 1238.056 1033.43 1328.721 554.1334 1378.755 792.1029 1409.171 1040.207 1284.968 114.7343 1298.525 114.813 1224.647 128.2118 0 0 1486.092 1080.504 1486.229 1063.775 1395.661 1067.134 1238.021 1087.034 1214.58 1083.755 1248.138 1050.273 
1373.471 118.8451 1312.826 257.2691 1224.994 257.1251 1174.416 425.8167 1282.328 412.2866 1413.906 260.6003 1484.708 398.8601 1393.617 432.5774 1316.096 557.2512 1255.388 557.2973 1245.261 816.8909 1248.573 1039.531 1383.42 553.9819 1410.428 806.8041 1420.643 1046.346 1356.496 98.64776 1366.772 95.43332 1289.115 119.0492 0 0 1498.179 1100.302 1501.627 1090.148 1407.137 1073.286 1245.27 1090.268 1221.688 1090.012 1255.345 1059.766 
1431.174 111.635 1357.458 252.7568 1266.694 249.3097 1222.903 390.2157 1239.735 494.5513 1458.064 259.3574 1498.421 410.3456 1464.715 517.9651 1330.375 551.5318 1273.278 548.1274 1236.444 762.9099 1243.2 1024.891 1387.617 554.9291 1411.046 799.9349 1414.457 1045.076 1407.583 94.7529 1431.091 91.64481 1343.877 118.218 0 0 1491.553 1095.424 1494.993 1085.337 1400.972 1068.631 1229.767 1088.577 1212.933 1081.994 1253.228 1035.077 
1493.962 109.0606 1431.135 255.5665 1326.541 241.6064 1267.147 363.7107 1246.333 499.8146 1525.484 262.6599 1612.613 388.0785 1574.031 531.1754 1385.92 552.1395 1323.183 548.5749 1315.987 796.3829 1291.683 1075.341 1459.035 559.0654 1466.197 827.676 1469.622 1085.82 1466.218 95.01845 1494.076 95.0965 1406.785 115.9219 0 0 1549.694 1138.163 1553.315 1127.667 1455.61 1110.288 1221.859 1124.138 1218.432 1103.399 1302.144 1103.356 
1379.719 105.1823 1349.528 243.0499 1248.688 232.9316 1198.218 377.586 1201.728 498.7753 1443.834 253.0736 1494.25 377.5648 1453.904 495.1089 1329.339 542.3698 1265.451 542.3287 1251.904 804.7662 1245.358 1043.541 1386.714 542.3444 1410.09 811.3676 1416.847 1046.92 1352.98 91.65798 1386.711 94.88048 1305.795 118.4209 1409.951 118.4915 1494.157 1100.64 1497.6 1087.278 1403.373 1070.508 1215.075 1094.007 1198.183 1087.21 1255.386 1063.839 
1286.845 116.2795 1286.867 228.491 1197.76 231.7016 1174.9 393.2352 1178.141 528.4949 1382.623 228.4689 1405.465 383.2937 1408.717 518.5963 1290.128 528.4733 1227.581 528.4452 1224.301 782.3747 1220.93 1019.868 1355.933 528.4198 1362.82 798.8398 1389.041 1026.407 1270.356 96.59859 1306.619 96.46546 1240.713 119.6111 1333.025 116.3429 1464.865 1079.101 1468.224 1065.99 1375.861 1052.699 1194.453 1072.627 1174.709 1065.944 1230.751 1042.854 
1284.65 117.6596 1291.22 231.0624 1191.293 234.2964 1184.668 407.5788 1184.418 544.2935 1378.065 230.9043 1398.012 387.5735 1421.334 534.3586 1294.731 531.0419 1237.825 534.3331 1234.623 810.9627 1234.603 1031.284 1364.537 527.7017 1374.72 811.1266 1404.618 1041.134 1264.57 100.9687 1298.046 97.68633 1237.831 124.241 1327.916 120.9043 1481.223 1087.931 1484.682 1077.891 1391.317 1064.541 1204.578 1087.833 1187.835 1077.919 1244.545 1054.534 
1372.093 122.2741 1375.74 265.1819 1272.043 265.1288 1243.717 433.0582 1261.434 583.0693 1475.66 265.0391 1500.85 418.8479 1507.819 579.3696 1379.353 565.1602 1307.955 565.1212 1315.052 854.4072 1322.193 1104.383 1443.673 565.1202 1472.203 861.5561 1504.216 1111.536 1350.782 100.9774 1386.607 100.7539 1325.617 129.4191 1418.721 125.8338 1582.944 1165.077 1589.983 1154.344 1489.97 1140.071 1289.998 1161.569 1272.069 1154.345 1332.885 1129.302 
1317.43 120.1683 1320.858 260.2145 1215.253 260.1605 1187.913 420.508 1204.979 553.3949 1419.83 260.2868 1453.9 420.3534 1433.409 553.3988 1317.55 560.1963 1249.305 556.9683 1245.862 805.9456 1266.227 1051.566 1378.969 560.2402 1419.927 816.1021 1433.585 1065.068 1293.666 99.79777 1334.541 96.5571 1266.325 123.7496 1365.33 123.6697 1515.336 1112.972 1518.804 1102.687 1416.511 1089.015 1232.218 1109.604 1215.128 1102.679 1276.582 1075.39 
1350.226 126.4726 1353.636 272.7961 1249.08 269.4732 1221.251 433.2016 1242.23 562.1796 1458.346 272.8517 1489.653 433.1742 1482.746 565.7062 1353.806 572.796 1294.417 576.1718 1266.468 809.8279 1315.295 1067.841 1419.946 572.7656 1472.285 823.7758 1465.335 1092.169 1325.824 112.4128 1371.15 105.4761 1297.775 129.8344 1405.913 126.2906 1549.076 1137.61 1552.491 1127.106 1447.858 1116.552 1242.198 1140.988 1238.705 1127.138 1332.719 1085.277 
1320.323 130.3673 1323.522 276.9896 1221.263 273.6129 1197.405 433.8761 1214.655 559.8354 1425.921 280.3302 1446.324 430.4338 1442.943 553.1205 1323.674 576.9896 1265.546 580.4018 1255.345 819.0218 1323.692 1064.474 1391.731 570.2092 1453.085 812.2047 1432.87 1047.45 1296.485 116.7562 1344.033 116.6729 1268.96 133.8113 1374.587 127.0541 1545.269 1078.216 1541.802 1071.275 1419.021 1078.04 1214.476 1112.226 1217.926 1105.414 1351.027 1081.53 
1335.426 125.0499 1335.632 269.9413 1232.113 266.5675 1211.453 431.9845 1225.211 566.492 1438.972 273.3469 1459.734 428.6017 1449.293 562.9517 1338.947 569.9229 1280.211 570.0007 1297.606 807.9094 1263.09 1066.642 1397.737 566.5724 1418.452 814.735 1432.181 1059.672 1308.132 111.1964 1352.842 104.3383 1280.453 131.9039 1387.326 128.4369 1428.672 1114.946 1459.682 1111.456 1421.719 1070.049 1280.298 1121.718 1252.714 1118.312 1266.597 1087.177 
1311.203 124.9465 1328.288 269.8563 1224.938 273.2437 1204.295 431.9221 1214.548 562.9529 1424.844 266.4499 1449.091 428.5174 1448.808 562.954 1331.739 569.8364 1262.729 569.8506 1228.461 821.4733 1248.924 1062.801 1393.844 569.8506 1404.191 814.6863 1321.327 1062.861 1293.802 114.6447 1335.223 104.3276 1273.093 138.8443 1366.344 125.0631 1445.456 1118.118 1442.073 1114.395 1300.714 1093.786 1166.257 1107.659 1169.542 1090.476 1259.391 1090.495 
1251.003 117.6959 1290.971 260.8997 1191.022 260.8506 1167.656 414.3596 1187.561 540.9362 1381.088 260.8844 1397.684 414.3432 1401.084 540.9689 1294.315 560.8811 1237.642 560.9579 1240.93 794.3045 1217.826 1031.075 1351.086 554.3245 1364.292 787.5698 1381.031 1024.326 1240.896 104.1511 1271.131 97.64346 1224.404 124.2048 1324.352 117.577 1374.437 1080.942 1404.399 1077.644 1371.006 1037.629 1264.23 1080.987 1231.04 1081.044 1214.279 1051.077 
1278.911 128.9925 1312.763 274.0601 1221.599 267.2264 1194.482 425.7852 1198.057 560.6312 1413.904 280.6423 1420.586 432.5213 1427.301 560.6251 1309.266 574.0397 1251.757 577.394 1255.496 800.0189 1339.573 1039.498 1373.302 567.3503 1420.675 793.377 1417.044 1036.111 1272.118 118.7097 1305.699 118.7603 1238.487 125.6334 1359.737 129.0571 1501.558 1083.36 1504.807 1066.469 1396.897 1063.132 1255.302 1096.834 1255.248 1090.025 1363.187 1066.364 
1255.017 119.0068 1305.654 263.9191 1204.641 260.6013 1177.71 419.0802 1197.667 553.806 1396.821 267.2113 1417.038 425.6737 1416.853 550.3691 1305.79 563.9191 1248.402 563.9733 1278.533 800.0479 1255.183 1049.502 1363.113 560.5792 1383.234 796.5348 1393.369 1035.835 1251.724 102.0657 1278.796 102.0372 1238.321 125.6165 1335.967 122.214 1403.449 1090.053 1427.142 1086.548 1383.155 1042.811 1309.224 1093.309 1282.056 1096.68 1245.073 1069.692 
1272.466 145.5905 1327.637 290.2491 1224.377 287.0279 1196.766 452.2313 1200.27 573.0067 1420.851 290.3586 1434.528 452.1993 1441.404 569.5652 1327.605 590.2491 1255.399 590.2524 1234.569 814.3022 1255.295 1076.112 1392.995 590.2706 1417.102 814.1838 1351.834 1065.852 1262.232 124.8825 1296.591 124.9731 1265.667 128.3905 1358.697 148.873 1462.051 1120.836 1458.616 1110.605 1331.126 1093.316 1182.912 1117.509 1179.422 1110.583 1279.308 1096.79 
1341.726 124.4696 1362.722 286.6146 1260.367 283.0852 1228.776 448.9597 1253.459 579.5226 1454.599 283.1558 1461.472 441.9596 1478.927 568.9269 1369.603 586.5357 1309.712 586.5923 1313.427 833.6246 1309.906 1094.524 1426.28 583.0684 1426.26 833.6102 1450.882 1083.925 1330.957 110.3113 1369.655 106.7268 1309.714 148.9724 1408.535 134.9339 1443.789 1140.46 1472.066 1136.914 1447.252 1098.055 1355.613 1144.118 1316.865 1147.426 1306.245 1115.727 
1335.568 121.6244 1335.263 269.9045 1231.949 269.8333 1207.787 435.4419 1224.997 573.2966 1425.154 266.5423 1445.667 428.5016 1449.273 556.1052 1335.423 569.9044 1273.331 573.315 1273.273 804.2808 1339.042 1063.027 1397.441 566.5049 1425.132 814.7684 1428.565 1063.071 1311.423 107.7522 1359.639 104.363 1283.615 142.1758 1390.434 142.3176 1525.153 1090.603 1521.67 1083.632 1418.021 1094.031 1269.88 1125.105 1263.03 1114.835 1366.441 1087.259 
1311.929 121.4419 1315.166 263.2541 1221.927 266.5242 1201.231 428.7411 1204.915 566.6093 1418.691 266.4814 1435.982 425.2872 1435.878 559.7721 1315.18 563.2541 1256.446 566.5436 1280.772 790.8926 1280.777 1066.809 1377.347 563.2389 1394.377 815.0528 1415.207 1059.884 1294.484 101.0235 1335.97 97.60952 1266.852 135.3925 1366.806 128.5206 1398.045 1111.544 1425.601 1104.735 1415.145 1070.325 1301.405 1118.446 1270.303 1115.247 1284.157 1087.532 
1298.37 123.0942 1308.753 272.9344 1211.146 276.4339 1190.239 436.9904 1186.738 572.9339 1409.878 269.5606 1434.167 433.3466 1427.396 569.2404 1305.304 572.9146 1242.408 572.9861 1242.399 823.9891 1259.909 1057.68 1378.388 572.8741 1395.986 820.6013 1392.478 1071.505 1273.991 116.0427 1322.559 105.4651 1246.132 150.6777 1350.619 129.9412 1410.034 1130.894 1437.759 1123.982 1378.515 1085.616 1239.026 1127.431 1214.569 1116.982 1273.945 1071.618 
1353.448 125.8696 1328.592 286.3961 1235.616 286.4042 1210.769 447.0807 1221.417 571.9308 1435.494 286.3612 1442.844 443.5888 1467.564 579.0901 1339.159 586.2099 1271.486 586.2387 1271.527 860.9883 1282.082 1096.409 1407.014 586.1533 1403.369 832.4699 1431.977 1092.878 1325.053 111.4888 1360.641 108.041 1275.022 150.7468 1381.87 140.1318 1442.803 1157.058 1471.271 1149.98 1414.151 1114.322 1278.495 1153.522 1253.484 1146.421 1299.809 1103.625 
1385.845 125.7701 1342.792 282.8659 1242.865 279.2943 1217.929 450.5546 1239.229 586.1446 1439.32 286.3871 1446.452 443.557 1467.828 568.3378 1353.326 582.6809 1285.731 582.7133 1296.411 839.5545 1300.149 1100.185 1414.118 582.6237 1439.25 857.4305 1467.567 1096.568 1360.747 104.5431 1389.221 100.9985 1303.509 133.0663 1381.937 140.1386 1471.345 1146.548 1499.875 1132.318 1449.885 1114.456 1317.891 1157.4 1292.756 1157.184 1307.186 1121.469 
1362.029 149.0209 1303.187 290.4513 1203.477 293.705 1189.606 462.5503 1203.466 590.0733 1392.765 290.4535 1413.569 452.1935 1427.437 569.3529 1317.071 590.1298 1255.178 596.9276 1275.705 834.7522 1344.728 1065.636 1382.491 586.5569 1454.884 838.0215 1434.205 1058.617 1337.876 128.4275 1361.875 125.1122 1279.017 152.4954 1334.2 135.2977 1551.332 1089.838 1541.02 1086.109 1416.859 1086.152 1255.209 1124.238 1255.24 1117.135 1368.771 1089.644 
1339.374 128.2607 1287.767 283.0727 1198.118 286.4718 1174.157 454.9356 1194.858 582.3818 1387.417 279.5375 1401.297 430.952 1415.064 544.5796 1308.312 582.3683 1249.895 585.7746 1277.251 809.5703 1253.4 1070.999 1366.782 578.8714 1384.042 812.7583 1411.497 1057.087 1315.2 121.1811 1336.068 117.8161 1253.458 145.3396 1332.3 135.1051 1414.839 1112.127 1439.008 1101.933 1397.758 1067.551 1328.905 1115.747 1298.061 1122.492 1239.588 1094.988 
1346.046 136.4287 1294.061 285.8412 1203.611 289.3087 1182.763 456.214 1193.204 581.4636 1387.922 275.5714 1408.784 431.8466 1426.092 550.1321 1318.195 584.8688 1248.884 584.9365 1221.081 817.7527 1241.882 1068.136 1377.48 581.3949 1405.256 817.8662 1321.798 1071.513 1318.386 122.6731 1342.626 122.3994 1262.586 150.4556 1346.06 136.5004 1443.569 1127.11 1440.075 1116.745 1294.191 1099.379 1175.754 1123.699 1168.845 1106.39 1262.73 1095.999 
1334.281 116.5056 1273.151 259.3234 1184.614 259.3498 1160.829 422.8369 1177.846 558.8796 1368.371 259.2744 1378.515 415.8522 1398.982 531.5902 1290.092 558.8447 1232.227 562.1027 1235.601 803.6157 1235.792 1048.549 1347.962 558.7844 1347.843 800.1627 1341.095 1045.151 1310.564 96.29627 1327.525 96.07158 1245.94 123.2211 1317.203 133.5741 1371.799 1099.582 1392.125 1089.38 1320.622 1072.38 1283.261 1079.198 1242.519 1086.015 1228.935 1072.395 
1320.801 120.7333 1260.84 254.2664 1180.735 250.9039 1154.13 420.8519 1164.224 550.8995 1340.783 260.856 1344.03 414.3 1364.183 537.5156 1267.508 554.1923 1214.22 554.192 1237.538 780.7043 1264.027 1020.774 1320.75 550.887 1334.074 770.84 1320.761 1000.788 1297.574 104.1737 1317.554 100.917 1240.675 120.9737 1290.68 130.8845 1417.483 1050.638 1414.136 1030.93 1307.526 1027.413 1277.529 1080.785 1250.803 1077.588 1264.16 1030.919 
1333.266 119.9377 1265.321 262.6751 1183.58 259.2889 1156.619 435.9444 1176.922 585.4409 1350.179 269.4233 1363.815 425.8405 1377.347 554.8356 1289.132 561.7287 1237.938 565.115 1285.666 792.8083 1261.795 1034.117 1343.35 558.3297 1340.06 803.0152 1339.927 1030.696 1312.817 102.8698 1326.401 102.8816 1251.577 126.7287 1316.094 133.4617 1343.41 1095.211 1370.504 1078.441 1322.968 1047.654 1302.643 1095.179 1265.275 1091.915 1251.668 1051.224 
1289.627 120.125 1265.524 260.1192 1163.535 260.1262 1142.987 427.0347 1139.577 577.0768 1351.098 260.0791 1371.314 420.3005 1374.876 542.9727 1265.765 560.1191 1204.397 563.3763 1197.592 805.3445 1214.675 1054.288 1323.854 560.0389 1347.585 802.0066 1306.609 1044.079 1265.651 99.84762 1296.271 96.50239 1214.545 127.0192 1320.133 133.8712 1391.851 1105.576 1398.623 1098.563 1289.493 1071.404 1125.849 1078.286 1129.335 1074.677 1238.505 1078.333 
1235.174 118.8956 1231.694 257.2985 1140.666 257.2936 1120.486 419.1466 1130.603 557.272 1332.752 260.4713 1339.741 419.0347 1359.682 550.4567 1235.175 557.2783 1174.476 557.3716 1191.188 803.4146 1208.133 1025.989 1302.541 553.9953 1302.535 786.5313 1316.083 1029.414 1218.232 102.0843 1255.268 98.74502 1181.077 129.0314 1278.978 125.7097 1336.196 1086.759 1363.13 1076.572 1305.873 1046.302 1218.281 1086.63 1194.526 1079.938 1224.98 1039.423 
1273.07 126.4265 1269.74 276.2259 1172.036 276.3187 1158.128 447.0354 1172.043 586.4578 1374.267 272.7875 1388.21 433.0529 1405.453 568.9191 1280.162 576.0448 1213.983 579.5144 1234.818 819.9416 1283.593 1067.534 1349.787 572.6208 1381.145 823.4681 1398.522 1070.85 1252.243 119.2757 1294.117 115.9121 1217.426 143.7525 1321.92 140.3474 1489.208 1098.665 1485.683 1078.068 1377.763 1098.885 1266.102 1130.297 1241.736 1126.69 1301.068 1081.456 
1223.775 132.2175 1223.91 277.119 1129.392 277.0768 1119.182 442.0368 1126.133 576.9789 1314.793 277.1067 1338.337 432.0873 1358.365 553.5129 1237.283 576.8209 1173.283 576.9734 1200.163 795.9619 1280.979 1045.227 1304.573 570.2076 1348.415 799.3843 1358.453 1021.669 1200.242 118.8114 1244.014 118.6674 1173.271 145.6136 1277.542 142.3026 1446.219 1058.699 1446.069 1041.813 1338.408 1048.621 1186.749 1095.733 1190.115 1089.083 1304.721 1065.546 
1197.593 138.8291 1235.386 283.6226 1142.296 287.0175 1125.087 452.5177 1121.573 587.1521 1335.334 276.7155 1362.943 438.8705 1356.116 583.6747 1235.46 583.6226 1173.311 583.6895 1200.782 811.3796 1201.016 1069.92 1307.649 580.1901 1311.406 818.1106 1352.639 1055.988 1183.674 124.8843 1221.659 121.4563 1187.109 145.73 1273.275 128.4354 1331.989 1111.162 1363.069 1104.319 1362.895 1063.156 1228.578 1114.854 1200.898 1118.055 1200.92 1090.582 
1182.714 147.3049 1234.872 290.1001 1130.587 290.1736 1123.367 457.4066 1109.546 593.4452 1325.603 286.751 1353.485 454.058 1349.996 593.4543 1234.902 590.1001 1165.225 590.084 1140.835 841.0979 1182.58 1074.697 1294.411 593.4612 1297.715 844.5196 1269.864 1071.106 1172.223 126.5048 1207.032 123.0539 1200.122 147.3274 1262.954 133.366 1360.581 1126.882 1360.528 1109.468 1248.902 1099.128 1067.673 1123.307 1074.522 1106.09 1203.587 1102.475 
1179.87 148.9274 1214.349 293.9321 1114.545 290.6425 1097.133 456.0929 1110.945 600.7333 1310.883 297.3683 1331.606 455.9951 1335.133 573.1959 1221.209 593.8536 1152.396 593.9733 1169.73 835.0687 1145.536 1059.113 1280.016 590.4787 1297.109 814.5617 1342.108 1062.634 1169.701 125.0743 1204.044 125.1168 1186.814 145.6937 1255.876 149.2543 1331.633 1111.023 1362.639 1107.588 1348.889 1079.919 1166.2 1110.913 1138.619 1104.134 1145.573 1066.159 
1181.122 147.4631 1205.046 284.0853 1106.237 283.8715 1089.155 447.6348 1092.476 584.2572 1297.129 287.383 1317.681 447.6373 1320.978 563.7679 1205.12 584.0853 1136.879 584.2581 1140.218 822.9434 1239.085 1048.191 1269.82 580.7259 1331.371 799.0967 1344.96 1034.483 1160.842 127.0442 1201.694 123.8631 1150.538 137.3231 1246.027 147.6314 1454.041 1044.68 1443.829 1031.13 1324.509 1068.609 1133.371 1106.012 1133.485 1099.343 1263.088 1068.624 
1183.682 140.6735 1207.716 283.8918 1108.819 283.6429 1098.439 447.4053 1101.932 583.8721 1299.682 287.237 1313.351 443.9473 1316.78 556.5818 1211.078 583.873 1156.42 587.1975 1197.395 788.4004 1129.257 1030.449 1265.748 583.8168 1272.495 805.3614 1320.074 1027.046 1163.453 123.5412 1207.605 123.5542 1153.159 144.1012 1248.562 147.4725 1299.642 1095.12 1327.052 1084.996 1320.236 1047.395 1159.838 1101.82 1129.182 1095.194 1115.595 1047.359 
1197.157 131.4583 1242.947 286.6544 1140.661 286.6811 1126.543 456.0237 1119.481 586.5707 1341.653 283.1756 1366.297 441.9402 1366.229 583.0836 1242.89 586.6544 1172.409 586.6679 1147.624 833.5618 1144.048 1059.441 1310.015 590.108 1327.53 830.1534 1288.749 1055.89 1189.933 120.8408 1225.217 120.8257 1193.565 149.1504 1278.215 135.0001 1348.832 1140.418 1366.284 1122.92 1267.606 1077.042 1115.882 1112.455 1094.694 1101.784 1154.785 1084.154 
1156.829 120.2397 1194.167 260.0354 1102.019 263.4216 1085.106 427.0985 1074.966 563.4055 1293.116 259.8945 1310.122 420.3347 1316.845 559.9669 1190.878 560.0173 1129.543 560.0426 1129.308 791.8346 1102.289 1020.347 1262.36 560.0049 1245.395 808.9774 1201.095 1040.799 1146.435 99.84209 1183.879 99.7441 1153.349 144.1249 1231.67 120.2067 1296.557 1098.765 1293.186 1081.685 1180.494 1064.633 1102.164 1078.3 1075.019 1074.741 1109.087 1033.979 
1158.281 120.0368 1182.115 266.3997 1086.623 273.1389 1073.163 436.583 1086.72 565.9093 1277.323 262.9776 1294.394 422.9637 1317.924 552.3207 1198.941 565.9274 1134.29 569.3044 1154.697 797.3142 1137.76 1052.571 1263.542 562.5599 1280.73 800.7986 1307.933 1039.044 1147.89 103.0762 1185.298 99.58604 1127.583 140.3545 1229.622 123.6107 1314.739 1079.959 1341.955 1076.443 1294.32 1056.04 1198.995 1103.65 1164.998 1103.794 1127.506 1073.16 
1127.4 118.0467 1134.1 254.7491 1052.486 254.7742 1029.883 420.9157 1049.344 557.6948 1231.553 251.64 1234.982 407.8466 1260.802 531.5154 1150.285 554.3123 1088.431 557.5167 1114.452 769.3563 1166.533 1003.642 1208.905 547.8586 1241.338 779.0534 1254.423 990.6708 1107.906 108.2376 1146.928 101.7619 1088.413 124.5831 1185.976 118.1551 1342.499 1003.76 1339.123 997.2112 1238.064 1019.942 1091.587 1055.95 1088.329 1052.465 1189.296 1023.26 
1197.044 129.9371 1228.501 279.8214 1127.43 276.4282 1106.387 454.1505 1120.344 597.2591 1326.087 276.4416 1336.564 436.9244 1350.568 565.8922 1232.005 579.8009 1165.687 583.2556 1183.161 817.0197 1172.722 1075.02 1294.831 576.3766 1301.734 823.8517 1322.613 1068.018 1183.243 119.5327 1218.017 119.3533 1165.741 133.442 1266.96 129.9902 1322.557 1120.372 1350.423 1106.552 1312.215 1078.485 1207.576 1123.8 1172.703 1123.805 1162.267 1095.991 
1164.74 145.4639 1199.4 286.5557 1106.218 286.7357 1088.875 455.314 1088.892 593.1063 1302.578 283.2252 1319.759 445.1149 1330.026 572.5664 1213.02 586.2463 1144.174 586.191 1095.949 810.1198 1120.108 1054.5 1278.489 586.2995 1281.795 823.853 1202.757 1054.49 1144.23 124.921 1182.041 121.4913 1140.786 128.3408 1230.212 131.8171 1309.351 1109.675 1305.874 1092.405 1185.386 1078.638 1027.024 1089.183 1030.439 1085.466 1144.048 1075.317 
1152.387 126.9773 1183.183 280.2292 1081.048 283.5273 1070.668 447.3165 1087.808 566.457 1281.934 276.8267 1298.927 436.955 1312.561 563.0457 1193.315 580.0581 1132.103 580.111 1159.324 801.6671 1155.793 1053.755 1258.136 576.7244 1247.862 808.3785 1265.043 1043.447 1132.078 120.0084 1169.49 116.5788 1121.812 143.8996 1217.214 126.9504 1264.79 1091.163 1292.174 1081.012 1261.513 1057.054 1210.383 1101.278 1179.732 1104.786 1135.557 1077.677 
1143.838 145.6882 1170.698 280.7819 1069.671 283.9669 1059.346 446.0161 1066.151 584.0822 1261.806 280.7191 1278.628 439.1876 1298.807 557.2021 1177.556 580.7035 1116.885 584.1739 1137.026 806.6309 1258.356 1029.132 1248.23 577.2883 1275.27 813.3933 1244.8 1035.845 1126.844 122.4031 1170.527 122.1902 1116.671 145.8153 1207.805 142.3685 1150.526 1096.519 1174.036 1103.26 1258.333 1062.766 1147.124 1103.306 1150.541 1093.311 1285.347 1049.298 
1140.259 121.9042 1167.094 259.7799 1066.416 266.3546 1059.577 437.7466 1086.533 558.9184 1254.69 256.5066 1274.773 417.5561 1294.947 538.6674 1190.764 558.8446 1133.64 562.2185 1180.76 770.657 1194.221 1032.874 1247.823 555.5006 1241.212 787.3907 1231.186 1026.097 1120.212 111.7913 1163.779 105.0968 1113.391 135.2495 1200.986 122.0067 1248.03 1079.901 1271.363 1063.24 1231.098 1039.594 1167.242 1093.361 1147.135 1086.613 1200.915 1056.386 
1123.469 135.759 1170.736 273.9593 1076.144 277.2163 1062.556 442.3907 1062.65 577.1594 1271.655 270.5083 1281.982 428.996 1281.846 557.0847 1173.904 573.9426 1113.271 573.8647 1066.025 796.5424 1092.918 1035.767 1238.01 577.2253 1241.359 803.103 1170.43 1032.286 1116.666 122.1263 1146.969 118.7448 1116.621 145.7462 1200.929 122.3164 1275.109 1086.257 1271.653 1069.432 1143.73 1056.003 981.7521 1066.159 985.1607 1062.677 1109.925 1062.663 
1169.907 125.0324 1197.658 266.5357 1094.278 273.3093 1087.172 435.4818 1087.132 566.6213 1294.335 263.1736 1311.655 425.1839 1311.676 559.5935 1197.828 566.5356 1138.986 566.5736 1145.906 807.94 1142.649 1059.656 1259.794 566.5139 1252.752 811.4441 1259.901 1035.662 1146.06 114.6951 1187.345 104.3567 1138.946 135.4127 1228.915 121.6871 1283.9 1108.054 1308.164 1094.21 1252.859 1059.659 1159.702 1111.45 1132.169 1108.023 1145.998 1066.612 
1180.25 130.3595 1183.692 273.636 1081.509 276.9687 1074.616 437.2835 1081.614 563.3074 1272.562 266.7826 1296.432 423.7458 1323.536 559.9199 1190.664 573.5549 1129.394 577.0381 1136.072 801.824 1183.941 1047.453 1262.151 566.7899 1289.384 829.2181 1289.553 1047.331 1156.603 120.0263 1194.042 120.0081 1129.222 143.9669 1228.093 140.6797 1367.916 1074.75 1367.817 1064.45 1269.098 1074.634 1180.423 1108.772 1156.539 1105.284 1204.224 1057.682 
1183.641 144.0472 1176.643 283.9018 1077.918 283.8293 1067.592 447.4489 1077.87 583.6255 1268.779 287.1028 1285.838 450.6277 1299.53 573.4932 1187.009 583.7227 1129.002 590.5203 1159.789 829.101 1255.159 1064.199 1248.353 576.8869 1302.799 822.2444 1302.785 1026.812 1163.042 123.5145 1210.641 123.6881 1132.389 144.0714 1234.705 150.9657 1381.275 1074.377 1388.003 1053.976 1296.125 1054.107 1159.725 1111.943 1163.061 1105.053 1275.612 1081.243 
1227.29 131.4239 1199.054 293.2201 1096.84 293.5012 1086.14 469.5411 1093.353 610.5265 1301.187 286.3597 1311.895 444.9197 1329.466 578.8865 1213.099 592.8911 1142.794 596.4139 1163.701 832.4529 1118.074 1086.309 1280.043 589.3732 1283.797 829.1565 1301.278 1079.111 1202.541 124.0379 1241.281 124.0783 1146.257 145.3858 1258.981 152.3744 1283.651 1135.621 1315.31 1131.997 1297.654 1086.412 1163.698 1135.578 1125.062 1135.571 1110.913 1110.854 
1201.23 149.0141 1170.165 294.1295 1070.112 297.493 1049.447 456.2741 1052.831 590.7167 1263.337 290.7578 1280.619 456.0498 1280.515 587.1219 1170.074 594.1295 1104.646 590.7448 1039.119 828.6755 1059.88 1059.826 1228.875 597.5444 1256.209 818.304 1170.053 1076.98 1173.773 125.1028 1204.756 125.0513 1121.819 152.6757 1232.256 149.1399 1283.859 1114.934 1277.033 1104.53 1142.517 1101.101 952.9488 1090.786 956.3361 1087.203 1083.812 1087.31 
1207.506 142.1746 1169.542 286.8773 1066.241 286.9786 1052.421 452.4601 1062.644 583.5057 1262.709 283.6097 1279.962 445.5346 1283.408 566.3643 1169.705 586.8773 1114.323 586.897 1138.517 811.0703 1104.141 1062.815 1228.242 586.8828 1214.397 811.1954 1276.429 1055.805 1183.397 121.6598 1214.427 121.6308 1121.447 149.0489 1231.717 149.0746 1255.961 1114.505 1286.82 1110.985 1276.543 1066.187 1166.069 1110.966 1135.07 1114.35 1086.86 1086.967 
1218.475 145.3341 1166.985 289.7211 1070.577 289.8352 1056.615 454.9441 1067.185 589.1232 1259.675 289.6802 1276.989 451.2897 1300.928 561.6053 1187.471 589.0209 1118.736 592.5307 1139.384 829.7554 1245.882 1056.695 1249.517 585.4915 1325.018 812.7462 1307.812 1032.847 1194.323 124.8721 1221.829 124.7681 1139.221 152.3812 1228.798 148.7214 1414.54 1060.123 1411.011 1049.957 1294.169 1063.644 1142.682 1115.16 1142.727 1108.361 1263.211 1077.39 
1187.395 118.3738 1143.797 266.4772 1053.047 269.785 1036.055 434.4635 1059.87 558.9458 1234.577 266.4731 1251.321 421.0043 1274.719 538.6403 1167.354 565.5508 1113.392 568.9804 1147.193 787.3398 1150.569 1026.127 1224.422 558.8513 1247.93 800.8655 1274.783 1036.253 1160.629 98.45554 1190.851 101.7844 1106.781 135.3202 1200.956 145.3517 1288.319 1073.135 1308.562 1063.156 1254.809 1059.76 1133.71 1089.913 1113.495 1083.173 1170.571 1036.154 
1148.09 108.5039 1144.815 253.0502 1050.498 253.213 1033.58 417.9178 1050.45 545.899 1245.6 249.8073 1252.496 401.1467 1272.559 525.6041 1161.511 552.5852 1091.035 552.7148 1087.448 801.5605 1087.322 1026.994 1225.361 549.2735 1245.637 777.984 1225.42 1023.631 1124.464 94.99724 1168.154 91.73576 1090.72 122.0024 1188.342 115.2607 1252.408 1087.524 1275.863 1080.699 1202.007 1037.194 1087.392 1074.028 1060.661 1064.119 1090.825 1037.133 
1146.105 121.5739 1170.22 263.1365 1066.831 266.5419 1053.039 428.6868 1059.997 556.2947 1266.831 262.9534 1311.762 407.8879 1287.535 538.9836 1173.58 563.1177 1111.632 563.1329 1090.965 814.9532 1090.983 1059.933 1232.47 563.0597 1252.889 807.9621 1177.269 1063.33 1121.922 104.4545 1166.872 97.5274 1097.867 142.2862 1201.161 121.6913 1301.322 1118.55 1297.827 1111.643 1156.432 1091.016 1008.06 1090.996 1008.102 1084.066 1114.924 1087.524 
1158 132.6881 1179.219 285.6932 1069.065 296.2101 1068.783 467.2333 1093.731 595.4562 1278.892 274.9986 1325.401 431.6532 1325.123 559.9056 1204.165 584.6542 1136.568 588.2805 1157.958 841.0093 1157.963 1097.403 1264.845 577.6112 1293.344 833.9999 1328.933 1072.55 1143.625 122.0074 1182.745 121.8291 1115.134 146.923 1211.484 139.8063 1321.561 1150.643 1350.251 1143.629 1332.334 1093.78 1207.807 1143.591 1175.732 1147.168 1150.764 1122.384 
1202.878 160.0382 1217.646 311.6153 1110.333 315.2991 1095.634 492.8481 1114.223 633.3973 1321.282 311.509 1354.532 470.6418 1358.306 596.4331 1232.517 611.2465 1169.539 629.7296 1195.528 903.2284 1339.653 1140.019 1302.826 603.7318 1406.565 836.8676 1502.525 773.8455 1180.743 141.4525 1225.259 137.7234 1154.826 167.3609 1258.462 163.6699 1580.156 829.3927 1580.25 807.2478 1498.871 736.9544 1225.17 1199.108 1228.775 1195.357 1362.024 1162.217 
1138.165 131.2166 1148.573 286.1281 1046.591 292.9386 1028.979 461.9604 1053.609 578.4437 1254.12 279.0729 1282.308 437.3977 1282.42 571.1826 1169.734 585.3809 1109.878 595.8838 1137.981 835.3453 1198.004 1085.281 1229.74 578.3514 1289.534 824.673 1303.532 1074.751 1113.465 120.6089 1162.651 116.9854 1085.231 145.22 1194.371 131.2303 1419.794 1085.416 1412.718 1081.723 1282.336 1106.35 1127.487 1145.057 1120.484 1138.043 1226.104 1109.863 
1126.337 150.7542 1133.329 293.7179 1042.501 300.5891 1018.474 474.6824 1039.07 603.6885 1237.827 293.5398 1272.671 453.795 1265.741 568.9086 1150.701 593.2145 1087.976 596.6018 1129.834 826.6445 1101.93 1074.143 1210.06 589.7329 1234.297 847.5062 1262.051 1066.989 1101.985 133.3148 1150.66 129.8119 1074.077 161.1338 1182.073 154.3165 1244.84 1122.72 1279.542 1112.391 1258.655 1077.514 1147.168 1126.133 1112.387 1126.243 1094.874 1098.485 
1123.825 140.3731 1144.679 286.9021 1043.57 290.4325 1036.631 457.6499 1040.126 593.6613 1245.791 283.3277 1287.646 433.2742 1266.819 562.2969 1155.134 586.7198 1092.386 586.7121 1047.12 816.8328 1068.056 1071.469 1214.565 586.7348 1238.738 823.8876 1158.637 1075.018 1099.445 126.2735 1141.268 122.8121 1071.614 150.8259 1179.643 140.3448 1280.718 1123.772 1270.275 1106.455 1134.211 1102.953 952.8638 1081.957 959.8986 1075.125 1081.936 1099.327 
1193.57 139.8995 1204.458 297.3141 1094.833 300.8234 1076.486 461.8938 1094.75 589.9 1306.886 293.6497 1339.91 454.5531 1328.782 578.9662 1211.679 597.2272 1146.028 597.2302 1160.568 867.8777 1153.421 1127.561 1273.889 597.1913 1274.215 860.6962 1350.886 1098.539 1178.763 128.7806 1215.573 128.7794 1145.945 154.638 1248.353 154.5959 1332.513 1178.839 1361.933 1167.902 1358.032 1120.319 1189.824 1178.847 1153.321 1178.885 1153.178 1149.678 
1192.512 145.4613 1153.763 293.4743 1054.939 293.4951 1030.39 462.7024 1051.441 603.8278 1256.044 293.4497 1280.633 452.1403 1280.824 579.03 1167.724 593.1492 1100.861 596.7577 1115.158 840.0029 1227.954 1083.287 1227.877 586.1029 1294.794 808.3608 1312.331 1058.646 1167.952 124.3059 1203.053 127.9784 1114.964 145.3862 1220.592 163.0326 1421.672 1083.212 1414.641 1072.631 1298.303 1093.76 1129.076 1139.703 1132.574 1132.642 1256.12 1107.91 
1165.059 131.4102 1116.931 268.6851 1027.468 275.583 1006.924 440.4146 1034.368 563.9987 1219.914 265.2288 1247.25 423.0848 1250.863 543.4163 1144.342 567.4302 1085.914 570.8281 1113.43 800.9722 1113.422 1054.941 1206.173 564.0783 1223.44 807.6674 1250.682 1041.338 1140.931 117.6009 1168.518 117.6822 1082.622 131.3414 1188.809 158.7873 1254.269 1106.419 1281.744 1092.802 1240.466 1058.558 1116.782 1113.352 1092.78 1109.857 1120.329 1061.904 
1162.967 124.6029 1118.547 265.7355 1028.9 282.7773 1008.461 441.0016 1028.97 564.7125 1221.55 258.9064 1249.225 413.4804 1252.497 544.1323 1142.559 564.773 1083.954 564.8605 1073.707 812.4271 1059.943 1056.383 1207.849 561.461 1245.684 795.2523 1193.905 1049.633 1135.502 114.3099 1163.15 107.4125 1080.543 138.4084 1190.484 159.011 1283.537 1108.091 1280.14 1090.901 1166.551 1070.293 1059.859 1111.483 1032.413 1104.641 1070.27 1063.469 
1196.327 131.4981 1161.02 293.476 1058.842 297.1211 1037.667 466.413 1055.38 603.7571 1256.282 282.9452 1284.449 438.3127 1284.371 575.5958 1171.844 593.2806 1111.711 589.8417 1069.44 850.7154 1076.356 1086.997 1242.148 589.8527 1259.872 829.5863 1196.301 1087.156 1171.517 124.1969 1196.438 124.1333 1111.689 152.4054 1220.869 163.0695 1309.252 1136.396 1305.648 1118.794 1168.065 1115.3 977.6676 1118.699 981.2061 1111.647 1090.599 1111.771 
1198.893 141.8101 1163.398 296.8148 1057.865 300.4404 1043.753 476.5748 1061.465 606.9222 1255.235 293.341 1283.274 455.3363 1293.868 578.8337 1181.095 596.2924 1114.345 596.3597 1135.29 846.4138 1110.505 1093.059 1248.104 592.8027 1262.246 832.3522 1311.653 1078.929 1174.143 127.6182 1202.324 127.5754 1114.309 152.4659 1219.777 162.9236 1293.846 1135.405 1329.137 1131.854 1318.515 1089.545 1153.038 1135.359 1124.759 1138.824 1089.525 1114.256 
1213.001 143.6867 1164.03 293.4011 1073.39 293.4486 1045.71 464.0574 1073.663 596.4797 1264.924 293.3992 1272.162 453.5799 1289.411 568.6664 1181.532 592.8901 1122.339 596.3562 1129.115 822.9028 1205.78 1073.466 1240.745 585.9758 1320.659 829.726 1313.781 1056.138 1188.594 126.3144 1212.925 126.1917 1129.378 154.1437 1205.73 161.0474 1418.3 1084.034 1411.318 1073.514 1292.853 1087.416 1115.263 1125.833 1115.321 1118.759 1223.358 1094.432 
NaN NaN NaN NaN NaN NaN NaN NaN NaN NaN NaN NaN NaN NaN NaN NaN NaN NaN NaN NaN NaN NaN NaN NaN NaN NaN NaN NaN NaN NaN NaN NaN NaN NaN NaN NaN NaN NaN NaN NaN NaN NaN NaN NaN NaN NaN NaN NaN NaN NaN 
NaN NaN NaN NaN NaN NaN NaN NaN NaN NaN NaN NaN NaN NaN NaN NaN NaN NaN NaN NaN NaN NaN NaN NaN NaN NaN NaN NaN NaN NaN NaN NaN NaN NaN NaN NaN NaN NaN NaN NaN NaN NaN NaN NaN NaN NaN NaN NaN NaN NaN 
NaN NaN NaN NaN NaN NaN NaN NaN NaN NaN NaN NaN NaN NaN NaN NaN NaN NaN Infinity Infinity Infinity Infinity Infinity Infinity NaN NaN NaN NaN NaN NaN NaN NaN NaN NaN NaN NaN NaN NaN NaN NaN NaN NaN NaN NaN Infinity Infinity Infinity Infinity Infinity Infinity 
NaN NaN NaN NaN NaN NaN NaN NaN NaN NaN NaN NaN NaN NaN NaN NaN NaN NaN Infinity Infinity Infinity Infinity Infinity Infinity NaN NaN NaN NaN NaN NaN NaN NaN NaN NaN NaN NaN NaN NaN NaN NaN NaN NaN NaN NaN Infinity Infinity Infinity Infinity Infinity Infinity 
92.7625 21.85688 6.46451 83.39354 28.95858 88.09026 31.3767 232.1613 125.8327 274.7442 6.459989 83.27127 0 0 0 0 6.468491 383.3935 24.1587 385.7474 76.22289 584.2161 158.8494 766.2031 0 0 0 0 0 0 80.93501 6.459429 88.14079 6.487116 19.48102 6.439173 0 0 0 0 0 0 0 0 253.4256 728.4403 241.6259 744.8578 154.191 796.8632 
92.7625 21.85688 6.46451 83.39354 28.95858 88.09026 31.3767 232.1613 125.8327 274.7442 6.459989 83.27127 0 0 0 0 6.468491 383.3935 24.1587 385.7474 76.22289 584.2161 158.8494 766.2031 0 0 0 0 0 0 80.93501 6.459429 88.14079 6.487116 19.48102 6.439173 0 0 0 0 0 0 0 0 253.4256 728.4403 241.6259 744.8578 154.191 796.8632 
135.0015 31.63655 26.44867 111.6996 70.40745 114.1961 72.92284 271.6291 186.5023 315.5097 7.073478 103.8726 0 0 0 0 7.047693 411.0716 54.89631 418.7834 127.122 633.0632 176.1293 839.5716 0 0 0 0 0 0 119.3535 5.774969 132.4367 7.06104 49.65167 26.49059 0 0 0 0 0 0 0 0 284.6154 818.8751 274.2162 834.3026 165.868 870.508 
135.0015 31.63655 26.44867 111.6996 70.40745 114.1961 72.92284 271.6291 186.5023 315.5097 7.073478 103.8726 0 0 0 0 7.047693 411.0716 54.89631 418.7834 127.122 633.0632 176.1293 839.5716 0 0 0 0 0 0 119.3535 5.774969 132.4367 7.06104 49.65167 26.49059 0 0 0 0 0 0 0 0 284.6154 818.8751 274.2162 834.3026 165.868 870.508 
135.0015 31.63655 26.44867 111.6996 70.40745 114.1961 72.92284 271.6291 186.5023 315.5097 7.073478 103.8726 0 0 0 0 7.047693 411.0716 54.89631 418.7834 127.122 633.0632 176.1293 839.5716 0 0 0 0 0 0 119.3535 5.774969 132.4367 7.06104 49.65167 26.49059 0 0 0 0 0 0 0 0 284.6154 818.8751 274.2162 834.3026 165.868 870.508 
182.8551 35.62742 97.08294 115.9699 118.6007 115.8973 134.6211 279.3107 249.8264 314.2708 73.05373 115.9765 129.2984 263.2813 212.382 289.941 94.35388 415.9575 131.9316 416.0124 182.8609 641.049 198.8795 871.4962 51.61712 413.3111 48.90261 633.0872 0 0 161.3501 24.73732 185.5954 24.78962 97.06203 27.51274 0 0 0 0 0 0 0 0 292.7011 876.8584 271.3358 890.1534 180.1139 898.2763 
182.8551 35.62742 97.08294 115.9699 118.6007 115.8973 134.6211 279.3107 249.8264 314.2708 73.05373 115.9765 129.2984 263.2813 212.382 289.941 94.35388 415.9575 131.9316 416.0124 182.8609 641.049 198.8795 871.4962 51.61712 413.3111 48.90261 633.0872 0 0 161.3501 24.73732 185.5954 24.78962 97.06203 27.51274 0 0 0 0 0 0 0 0 292.7011 876.8584 271.3358 890.1534 180.1139 898.2763 
208.0992 41.61433 123.4912 120.6912 142.6217 118.0459 164.3087 278.9294 289.7506 314.2338 104.3162 123.386 147.9539 267.9102 248.9431 276.233 126.205 420.6789 164.2731 420.6728 202.5234 668.8201 202.5445 892.512 93.43697 420.67 139.6856 657.9093 7.462022 775.153 186.261 27.88212 221.5501 27.95878 126.1813 30.61053 0 0 0 0 0 0 0 0 303.3992 897.8962 284.3435 906.1403 183.3268 917.0466 
208.0992 41.61433 123.4912 120.6912 142.6217 118.0459 164.3087 278.9294 289.7506 314.2338 104.3162 123.386 147.9539 267.9102 248.9431 276.233 126.205 420.6789 164.2731 420.6728 202.5234 668.8201 202.5445 892.512 93.43697 420.67 139.6856 657.9093 7.462022 775.153 186.261 27.88212 221.5501 27.95878 126.1813 30.61053 0 0 0 0 0 0 0 0 303.3992 897.8962 284.3435 906.1403 183.3268 917.0466 
245.8623 49.68733 165.0551 133.3281 173.8264 127.6964 202.5186 300.575 329.3995 315.0096 142.0168 139.1371 193.9035 271.7729 286.2549 289.0286 173.6888 433.2039 193.9741 438.9413 222.8057 695.5063 216.9219 943.4446 147.8047 430.2755 205.4382 678.2283 7.876643 885.7921 222.7503 32.3501 263.0077 32.33644 167.9128 35.2614 0 0 0 0 0 0 7.918678 891.5771 323.626 946.3795 306.2614 957.8179 193.8402 969.3576 
245.8623 49.68733 165.0551 133.3281 173.8264 127.6964 202.5186 300.575 329.3995 315.0096 142.0168 139.1371 193.9035 271.7729 286.2549 289.0286 173.6888 433.2039 193.9741 438.9413 222.8057 695.5063 216.9219 943.4446 147.8047 430.2755 205.4382 678.2283 7.876643 885.7921 222.7503 32.3501 263.0077 32.33644 167.9128 35.2614 0 0 0 0 0 0 7.918678 891.5771 323.626 946.3795 306.2614 957.8179 193.8402 969.3576 
245.8623 49.68733 165.0551 133.3281 173.8264 127.6964 202.5186 300.575 329.3995 315.0096 142.0168 139.1371 193.9035 271.7729 286.2549 289.0286 173.6888 433.2039 193.9741 438.9413 222.8057 695.5063 216.9219 943.4446 147.8047 430.2755 205.4382 678.2283 7.876643 885.7921 222.7503 32.3501 263.0077 32.33644 167.9128 35.2614 0 0 0 0 0 0 7.918678 891.5771 323.626 946.3795 306.2614 957.8179 193.8402 969.3576 
299.8239 62.90358 225.8553 148.7708 222.7255 148.7026 249.5225 317.4263 391.5487 317.6569 246.5753 148.7155 293.8319 290.921 364.9489 293.8934 249.5542 447.8333 246.5588 453.7632 258.3229 696.5801 219.8708 963.0327 267.2245 447.8369 326.4783 672.9225 202.0623 883.0898 276.1802 42.2185 314.5751 45.19458 222.8647 54.02611 0 0 0 0 0 0 8.132665 915.6702 329.4393 974.8569 311.6535 983.7676 196.1179 989.6402 
299.8239 62.90358 225.8553 148.7708 222.7255 148.7026 249.5225 317.4263 391.5487 317.6569 246.5753 148.7155 293.8319 290.921 364.9489 293.8934 249.5542 447.8333 246.5588 453.7632 258.3229 696.5801 219.8708 963.0327 267.2245 447.8369 326.4783 672.9225 202.0623 883.0898 276.1802 42.2185 314.5751 45.19458 222.8647 54.02611 0 0 0 0 0 0 8.132665 915.6702 329.4393 974.8569 311.6535 983.7676 196.1179 989.6402 
323.4327 74.95952 260.498 149.3586 240.635 149.2659 272.0263 309.0589 400.4815 309.1677 280.4944 152.078 306.3302 286.3276 377.631 286.2377 274.852 449.015 266.3705 454.7367 260.5362 668.958 206.3505 931.5935 283.3693 449.0165 357.6525 645.9791 283.379 868.8102 303.3403 55.02805 331.8828 57.7646 243.5129 57.9488 0 0 357.6217 908.7451 352.0198 900.1749 260.6631 883.0835 309.1568 945.9376 286.2313 957.3292 186.3293 957.2936 
323.4327 74.95952 260.498 149.3586 240.635 149.2659 272.0263 309.0589 400.4815 309.1677 280.4944 152.078 306.3302 286.3276 377.631 286.2377 274.852 449.015 266.3705 454.7367 260.5362 668.958 206.3505 931.5935 283.3693 449.0165 357.6525 645.9791 283.379 868.8102 303.3403 55.02805 331.8828 57.7646 243.5129 57.9488 0 0 357.6217 908.7451 352.0198 900.1749 260.6631 883.0835 309.1568 945.9376 286.2313 957.3292 186.3293 957.2936 
364.1223 85.84034 293.9764 173.584 276.3108 170.7511 308.5534 317.4109 431.6031 332.0233 317.4305 173.6384 352.5192 346.6846 428.7272 340.7112 317.3356 472.6732 314.3226 475.6068 279.1892 704.2402 217.6289 953.4951 331.9506 475.61 390.7014 680.7993 393.5595 897.7377 340.7954 73.98013 370.0635 76.91325 290.8205 79.91903 0 0 487.3252 906.575 481.4461 900.7184 381.8159 923.9971 317.4207 968.1005 296.8026 976.9235 194.1673 982.7043 
364.1223 85.84034 293.9764 173.584 276.3108 170.7511 308.5534 317.4109 431.6031 332.0233 317.4305 173.6384 352.5192 346.6846 428.7272 340.7112 317.3356 472.6732 314.3226 475.6068 279.1892 704.2402 217.6289 953.4951 331.9506 475.61 390.7014 680.7993 393.5595 897.7377 340.7954 73.98013 370.0635 76.91325 290.8205 79.91903 0 0 487.3252 906.575 481.4461 900.7184 381.8159 923.9971 317.4207 968.1005 296.8026 976.9235 194.1673 982.7043 
364.1223 85.84034 293.9764 173.584 276.3108 170.7511 308.5534 317.4109 431.6031 332.0233 317.4305 173.6384 352.5192 346.6846 428.7272 340.7112 317.3356 472.6732 314.3226 475.6068 279.1892 704.2402 217.6289 953.4951 331.9506 475.61 390.7014 680.7993 393.5595 897.7377 340.7954 73.98013 370.0635 76.91325 290.8205 79.91903 0 0 487.3252 906.575 481.4461 900.7184 381.8159 923.9971 317.4207 968.1005 296.8026 976.9235 194.1673 982.7043 
407.8705 111.3093 346.7368 192.6113 335.2055 186.8261 358.3822 335.0769 471.7668 352.4894 367.0631 195.4544 428.2041 378.7157 477.6349 364.2477 364.1434 492.1059 364.2392 497.8589 314.7307 707.3536 221.6217 942.8848 361.3395 494.9768 413.6398 695.6733 483.3643 893.3503 387.5217 99.58111 419.4685 102.4334 338.0955 102.6095 0 0 570.5519 872.9656 564.7883 869.9822 474.7578 919.6277 323.4673 963.1606 303.1022 971.8479 195.5378 966.1619 
407.8705 111.3093 346.7368 192.6113 335.2055 186.8261 358.3822 335.0769 471.7668 352.4894 367.0631 195.4544 428.2041 378.7157 477.6349 364.2477 364.1434 492.1059 364.2392 497.8589 314.7307 707.3536 221.6217 942.8848 361.3395 494.9768 413.6398 695.6733 483.3643 893.3503 387.5217 99.58111 419.4685 102.4334 338.0955 102.6095 0 0 570.5519 872.9656 564.7883 869.9822 474.7578 919.6277 323.4673 963.1606 303.1022 971.8479 195.5378 966.1619 
453.6234 128.0926 388.5542 202.1495 382.5219 199.168 397.3882 344.0364 509.725 367.7257 409.1577 205.0367 441.7405 412.032 527.6302 403.2734 415.1375 500.9694 412.1645 506.8147 361.8931 720.0306 225.7392 959.8058 429.8584 503.8604 462.6302 699.3519 509.7848 909.4775 435.7461 107.4318 462.3941 113.2399 385.4761 122.058 0 0 601.6457 927.1542 598.587 912.4989 495.0518 936.1646 338.1628 980.414 317.4467 986.4034 199.0528 983.3898 
453.6234 128.0926 388.5542 202.1495 382.5219 199.168 397.3882 344.0364 509.725 367.7257 409.1577 205.0367 441.7405 412.032 527.6302 403.2734 415.1375 500.9694 412.1645 506.8147 361.8931 720.0306 225.7392 959.8058 429.8584 503.8604 462.6302 699.3519 509.7848 909.4775 435.7461 107.4318 462.3941 113.2399 385.4761 122.058 0 0 601.6457 927.1542 598.587 912.4989 495.0518 936.1646 338.1628 980.414 317.4467 986.4034 199.0528 983.3898 
523.2985 141.0609 462.8436 227.0258 446.8975 220.7864 469.208 370.3599 577.6176 399.2567 481.9719 227.1217 491.5583 421.537 596.7708 447.1068 478.8222 526.6 472.4055 529.8378 494.7703 749.6085 274.8476 991.8456 494.673 523.5035 539.3793 752.8654 548.9835 982.3741 498.0421 121.9495 532.9306 131.4064 446.9675 134.6084 0 0 647.7682 1001.302 644.5014 985.5511 536.1527 1011.037 370.4695 1058.718 351.3235 1061.974 239.9044 1004.651 
523.2985 141.0609 462.8436 227.0258 446.8975 220.7864 469.208 370.3599 577.6176 399.2567 481.9719 227.1217 491.5583 421.537 596.7708 447.1068 478.8222 526.6 472.4055 529.8378 494.7703 749.6085 274.8476 991.8456 494.673 523.5035 539.3793 752.8654 548.9835 982.3741 498.0421 121.9495 532.9306 131.4064 446.9675 134.6084 0 0 647.7682 1001.302 644.5014 985.5511 536.1527 1011.037 370.4695 1058.718 351.3235 1061.974 239.9044 1004.651 
582.7932 143.9208 508.0526 231.66 508.0974 225.211 511.3037 377.8899 628.4143 407.3173 488.5884 238.1645 540.5841 433.2925 660.9118 459.3835 530.7175 530.8026 534.1166 530.8373 595.9109 758.4102 374.8312 943.7874 514.6073 530.8217 563.4644 751.9567 563.3893 1005.665 560.0155 127.5881 589.3351 134.1159 508.1211 140.4918 0 0 664.0644 1021.743 657.6178 1005.67 550.3453 1034.823 413.7655 1054.443 391.0646 1051.052 345.5244 937.3111 
582.7932 143.9208 508.0526 231.66 508.0974 225.211 511.3037 377.8899 628.4143 407.3173 488.5884 238.1645 540.5841 433.2925 660.9118 459.3835 530.7175 530.8026 534.1166 530.8373 595.9109 758.4102 374.8312 943.7874 514.6073 530.8217 563.4644 751.9567 563.3893 1005.665 560.0155 127.5881 589.3351 134.1159 508.1211 140.4918 0 0 664.0644 1021.743 657.6178 1005.67 550.3453 1034.823 413.7655 1054.443 391.0646 1051.052 345.5244 937.3111 
582.7932 143.9208 508.0526 231.66 508.0974 225.211 511.3037 377.8899 628.4143 407.3173 488.5884 238.1645 540.5841 433.2925 660.9118 459.3835 530.7175 530.8026 534.1166 530.8373 595.9109 758.4102 374.8312 943.7874 514.6073 530.8217 563.4644 751.9567 563.3893 1005.665 560.0155 127.5881 589.3351 134.1159 508.1211 140.4918 0 0 664.0644 1021.743 657.6178 1005.67 550.3453 1034.823 413.7655 1054.443 391.0646 1051.052 345.5244 937.3111 
668.7875 157.9696 611.5334 265.1763 579.3625 247.2664 582.9599 411.6001 708.0411 443.8041 640.1683 272.3283 665.1122 482.9373 772.2502 500.9984 615.0771 565.1553 611.5757 568.6807 722.181 807.9453 497.2203 1011.459 622.2344 568.6793 629.368 815.1625 618.648 1100.81 643.7548 133.167 679.4048 143.7243 586.7442 150.9054 0 0 725.8311 1118.697 722.1718 1107.889 600.8497 1132.922 529.5929 1118.617 518.6795 1111.517 465.0402 1011.492 
668.7875 157.9696 611.5334 265.1763 579.3625 247.2664 582.9599 411.6001 708.0411 443.8041 640.1683 272.3283 665.1122 482.9373 772.2502 500.9984 615.0771 565.1553 611.5757 568.6807 722.181 807.9453 497.2203 1011.459 622.2344 568.6793 629.368 815.1625 618.648 1100.81 643.7548 133.167 679.4048 143.7243 586.7442 150.9054 0 0 725.8311 1118.697 722.1718 1107.889 600.8497 1132.922 529.5929 1118.617 518.6795 1111.517 465.0402 1011.492 
714.8484 158.0391 643.4495 268.4974 618.4262 254.3283 614.8756 411.4262 736.3129 450.7126 671.8969 272.1817 675.5532 468.4725 789.7594 489.9998 643.3604 568.4974 643.4691 568.4711 782.6514 782.7325 650.583 1014.6 639.8931 572.0748 639.7277 829.028 618.395 1100.286 693.3533 143.6763 725.598 147.2526 636.3493 154.5013 0 0 732.7131 1118.159 725.5945 1103.851 600.5643 1128.858 732.7939 1103.887 725.6137 1107.478 636.1702 1018.337 
714.8484 158.0391 643.4495 268.4974 618.4262 254.3283 614.8756 411.4262 736.3129 450.7126 671.8969 272.1817 675.5532 468.4725 789.7594 489.9998 643.3604 568.4974 643.4691 568.4711 782.6514 782.7325 650.583 1014.6 639.8931 572.0748 639.7277 829.028 618.395 1100.286 693.3533 143.6763 725.598 147.2526 636.3493 154.5013 0 0 732.7131 1118.159 725.5945 1103.851 600.5643 1128.858 732.7939 1103.887 725.6137 1107.478 636.1702 1018.337 
748.6884 170.6766 683.5791 275.2906 654.7168 268.1598 651.2789 420.0295 791.9337 477.6332 712.4603 278.995 712.535 441.6425 795.5938 474.0085 679.9748 575.269 676.4728 578.8152 817.2159 799.1505 763.1166 1080.89 683.6526 578.8217 647.6223 849.7244 622.3102 1113.568 730.5749 156.1309 763.1227 156.3428 676.4915 160.0121 0 0 726.8926 1131.486 708.8483 1120.608 607.7355 1145.962 882.2776 1135.023 853.4104 1138.804 741.3715 1106.217 
748.6884 170.6766 683.5791 275.2906 654.7168 268.1598 651.2789 420.0295 791.9337 477.6332 712.4603 278.995 712.535 441.6425 795.5938 474.0085 679.9748 575.269 676.4728 578.8152 817.2159 799.1505 763.1166 1080.89 683.6526 578.8217 647.6223 849.7244 622.3102 1113.568 730.5749 156.1309 763.1227 156.3428 676.4915 160.0121 0 0 726.8926 1131.486 708.8483 1120.608 607.7355 1145.962 882.2776 1135.023 853.4104 1138.804 741.3715 1106.217 
748.6884 170.6766 683.5791 275.2906 654.7168 268.1598 651.2789 420.0295 791.9337 477.6332 712.4603 278.995 712.535 441.6425 795.5938 474.0085 679.9748 575.269 676.4728 578.8152 817.2159 799.1505 763.1166 1080.89 683.6526 578.8217 647.6223 849.7244 622.3102 1113.568 730.5749 156.1309 763.1227 156.3428 676.4915 160.0121 0 0 726.8926 1131.486 708.8483 1120.608 607.7355 1145.962 882.2776 1135.023 853.4104 1138.804 741.3715 1106.217 
758.1348 178.7823 688.5063 269.7052 660.4775 266.0874 660.6339 419.7318 796.6924 465.2009 723.3652 280.0838 716.3945 426.676 803.5823 454.5547 684.9849 569.6845 681.49 569.7506 789.5391 793.0573 824.7018 1058.368 691.9659 569.7391 636.1499 821.1299 601.3303 1075.944 733.8406 154.508 765.3611 157.9489 681.483 168.4228 0 0 709.2653 1093.204 691.9342 1079.414 590.6577 1107.213 936.1595 1072.191 911.7346 1082.796 820.9326 1089.773 
758.1348 178.7823 688.5063 269.7052 660.4775 266.0874 660.6339 419.7318 796.6924 465.2009 723.3652 280.0838 716.3945 426.676 803.5823 454.5547 684.9849 569.6845 681.49 569.7506 789.5391 793.0573 824.7018 1058.368 691.9659 569.7391 636.1499 821.1299 601.3303 1075.944 733.8406 154.508 765.3611 157.9489 681.483 168.4228 0 0 709.2653 1093.204 691.9342 1079.414 590.6577 1107.213 936.1595 1072.191 911.7346 1082.796 820.9326 1089.773 
767.7825 178.1969 703.0871 280.3281 682.5903 270.1447 689.4099 420.2238 825.6891 454.203 730.3377 283.7317 730.3481 430.4116 812.2142 440.6151 706.4685 580.3091 696.406 580.3813 774.5084 808.7351 880.3801 1040.486 716.7242 577.0027 641.8646 802.0393 593.964 1050.844 747.2353 161.1511 774.8159 167.8829 692.9733 174.6781 0 0 692.8385 1067.788 679.1982 1057.56 580.2609 1078.229 979.1844 1013.292 965.6486 1023.667 873.538 1067.766 
767.7825 178.1969 703.0871 280.3281 682.5903 270.1447 689.4099 420.2238 825.6891 454.203 730.3377 283.7317 730.3481 430.4116 812.2142 440.6151 706.4685 580.3091 696.406 580.3813 774.5084 808.7351 880.3801 1040.486 716.7242 577.0027 641.8646 802.0393 593.964 1050.844 747.2353 161.1511 774.8159 167.8829 692.9733 174.6781 0 0 692.8385 1067.788 679.1982 1057.56 580.2609 1078.229 979.1844 1013.292 965.6486 1023.667 873.538 1067.766 
853.0381 188.6988 795.1109 300.3974 769.9635 289.7063 784.3745 448.5772 914.3318 473.7621 820.3738 300.6506 809.6815 445.0607 907.0913 459.5071 802.4104 600.3085 816.8738 607.4374 874.6889 849.4002 939.6004 1105.595 791.6873 603.8326 737.594 845.6777 632.7618 1102.104 827.8344 170.6257 870.9471 177.7611 780.7838 185.0676 0 0 733.8344 1130.912 719.3777 1116.649 614.5641 1130.888 1058.83 1116.535 1033.504 1134.582 928.7642 1131.026 
853.0381 188.6988 795.1109 300.3974 769.9635 289.7063 784.3745 448.5772 914.3318 473.7621 820.3738 300.6506 809.6815 445.0607 907.0913 459.5071 802.4104 600.3085 816.8738 607.4374 874.6889 849.4002 939.6004 1105.595 791.6873 603.8326 737.594 845.6777 632.7618 1102.104 827.8344 170.6257 870.9471 177.7611 780.7838 185.0676 0 0 733.8344 1130.912 719.3777 1116.649 614.5641 1130.888 1058.83 1116.535 1033.504 1134.582 928.7642 1131.026 
1431.693 170.6241 1353.016 328.0942 1274.023 300.6664 1211.24 485.6491 1372.747 454.207 1435.961 351.752 1498.986 537.0287 1483.138 489.803 1337.401 627.6876 1282.234 619.9152 1368.718 864.2983 1329.361 1159.895 1392.359 631.6428 1388.582 887.9368 1321.462 1163.851 1400.488 154.7451 1424.001 150.8267 1337.16 178.5457 0 0 1408.219 1211.275 1467.265 1223.021 1282.058 1207.201 1475.223 1234.76 1455.533 1242.614 1301.839 1207.182 
1365.374 158.3074 1299.37 304.5054 1211.756 282.6963 1167.813 454.701 1328.703 425.2515 1383.728 315.5891 1394.718 494.8144 1383.639 447.2017 1299.477 604.5054 1244.72 600.9848 1295.786 849.601 1350.721 1127.619 1350.71 604.4986 1303.078 864.1471 1244.834 1102.063 1350.676 136.4207 1361.787 139.9962 1281.269 161.9396 0 0 1303.257 1153.086 1303.348 1134.911 1226.38 1131.324 1343.373 1182.477 1332.452 1182.413 1361.641 1153.236 
1301.725 124.5927 1239.942 261.8967 1167.899 261.7098 1164.336 443.6507 1301.842 371.7351 1305.177 268.601 1332.739 447.0946 1325.607 374.9789 1270.772 560.3082 1219.409 560.3903 1229.648 810.9273 1267.415 1054.536 1315.445 556.915 1387.404 779.9882 1281.079 996.156 1277.819 117.5471 1284.515 120.8258 1222.829 138.0967 0 0 1360.093 1075.157 1360.14 1058.065 1270.764 1003.033 1267.389 1109.59 1246.649 1109.376 1277.601 1075.123 
1301.872 121.7292 1244.897 258.9766 1167.627 255.8022 1160.808 439.912 1288.374 386.3513 1325.334 259.0734 1379.002 419.8977 1325.07 389.8883 1275.028 557.4596 1221.285 560.7718 1217.972 808.9219 1238.056 1033.43 1328.721 554.1334 1378.755 792.1029 1409.171 1040.207 1284.968 114.7343 1298.525 114.813 1224.647 128.2118 0 0 1486.092 1080.504 1486.229 1063.775 1395.661 1067.134 1238.021 1087.034 1214.58 1083.755 1248.138 1050.273 
1373.471 118.8451 1312.826 257.2691 1224.994 257.1251 1174.416 425.8167 1282.328 412.2866 1413.906 260.6003 1484.708 398.8601 1393.617 432.5774 1316.096 557.2512 1255.388 557.2973 1245.261 816.8909 1248.573 1039.531 1383.42 553.9819 1410.428 806.8041 1420.643 1046.346 1356.496 98.64776 1366.772 95.43332 1289.115 119.0492 0 0 1498.179 1100.302 1501.627 1090.148 1407.137 1073.286 1245.27 1090.268 1221.688 1090.012 1255.345 1059.766 
1430.47 108.0138 1360.195 251.9196 1269.71 245.166 1222.988 389.2005 1212.813 519.8722 1460.483 255.4108 1507.422 409.3075 1483.859 546.5165 1326.553 550.0273 1266.338 549.8778 1239.634 767.6137 1239.516 1028.685 1390.235 556.6281 1407.045 797.63 1410.404 1042.044 1406.915 94.44823 1430.465 91.36781 1349.916 117.8487 0 0 1484.089 1092.289 1490.665 1082.221 1396.995 1065.528 1199.468 1082.216 1189.26 1068.813 1249.605 1052.094 
1496.232 116.1289 1430.023 252.4007 1328.6 238.6774 1269.055 357.2754 1251.746 493.5545 1527.848 262.8241 1618.604 378.1994 1569.66 514.4678 1387.991 549.4417 1325.228 545.9226 1311.163 800.9913 1293.663 1077.115 1457.868 552.9623 1468.53 829.0034 1471.947 1087.513 1468.52 95.25478 1496.392 95.37121 1408.975 116.1956 0 0 1552.159 1140.039 1555.764 1129.51 1457.919 1112.035 1216.821 1125.94 1216.836 1105.16 1304.233 1105.177 
1400.828 109.5948 1366.646 245.4529 1261.49 235.2672 1210.464 381.3251 1227.329 507.083 1461.848 255.5882 1523.018 384.792 1478.652 496.8848 1342.91 544.5125 1281.683 544.4883 1264.713 806.0493 1261.173 1054.129 1400.843 547.803 1424.558 812.8925 1431.241 1057.513 1376.984 92.62962 1420.938 95.8522 1325.889 116.3434 0 0 1509.311 1111.826 1512.779 1098.33 1417.62 1081.332 1227.353 1105.131 1210.336 1098.251 1268.142 1077.848 
1289.282 114.9135 1286.071 226.0352 1188.17 226.0039 1158.788 379.2498 1162.122 512.9697 1377.462 229.142 1400.367 376.0331 1397.106 506.5284 1286.02 526.0352 1220.95 526.0749 1211.132 774.0258 1207.857 1012.079 1341.691 522.7833 1351.469 783.7698 1374.176 1015.393 1263.45 95.40941 1305.707 92.34492 1237.098 118.314 1325.346 118.1981 1449.155 1064.398 1452.508 1054.556 1361.131 1041.431 1178.529 1061.17 1162.126 1054.547 1217.579 1031.703 
1284.65 117.6596 1291.22 231.0624 1191.293 234.2964 1184.668 407.5788 1184.418 544.2935 1378.065 230.9043 1398.012 387.5735 1421.334 534.3586 1294.731 531.0419 1237.825 534.3331 1234.623 810.9627 1234.603 1031.284 1364.537 527.7017 1374.72 811.1266 1404.618 1041.134 1264.57 100.9687 1298.046 97.68633 1237.831 124.241 1327.916 120.9043 1481.223 1087.931 1484.682 1077.891 1391.317 1064.541 1204.578 1087.833 1187.835 1077.919 1244.545 1054.534 
1372.093 122.2741 1375.74 265.1819 1272.043 265.1288 1243.717 433.0582 1261.434 583.0693 1475.66 265.0391 1500.85 418.8479 1507.819 579.3696 1379.353 565.1602 1307.955 565.1212 1315.052 854.4072 1322.193 1104.383 1443.673 565.1202 1472.203 861.5561 1504.216 1111.536 1350.782 100.9774 1386.607 100.7539 1325.617 129.4191 1418.721 125.8338 1582.944 1165.077 1589.983 1154.344 1489.97 1140.071 1289.998 1161.569 1272.069 1154.345 1332.885 1129.302 
1350.899 130.1093 1351.062 279.9562 1246.31 276.5131 1214.954 436.902 1239.272 569.3772 1459.138 279.9374 1490.424 433.5524 1466.127 572.8855 1350.771 579.9561 1281.196 579.9398 1270.615 824.3354 1294.936 1075.504 1410.347 583.4205 1455.605 827.7632 1466.102 1092.739 1326.432 122.8081 1371.884 119.4319 1295.217 147.338 1403.299 137.0012 1549.819 1141.629 1553.27 1127.778 1448.655 1117.189 1260.222 1134.741 1242.723 1127.709 1302.209 1103.176 
1350.226 126.4726 1353.636 272.7961 1249.08 269.4732 1221.251 433.2016 1242.23 562.1796 1458.346 272.8517 1489.653 433.1742 1482.746 565.7062 1353.806 572.796 1294.417 576.1718 1266.468 809.8279 1315.295 1067.841 1419.946 572.7656 1472.285 823.7758 1465.335 1092.169 1325.824 112.4128 1371.15 105.4761 1297.775 129.8344 1405.913 126.2906 1549.076 1137.61 1552.491 1127.106 1447.858 1116.552 1242.198 1140.988 1238.705 1127.138 1332.719 1085.277 
1320.323 130.3673 1323.522 276.9896 1221.263 273.6129 1197.405 433.8761 1214.655 559.8354 1425.921 280.3302 1446.324 430.4338 1442.943 553.1205 1323.674 576.9896 1265.546 580.4018 1255.345 819.0218 1323.692 1064.474 1391.731 570.2092 1453.085 812.2047 1432.87 1047.45 1296.485 116.7562 1344.033 116.6729 1268.96 133.8113 1374.587 127.0541 1545.269 1078.216 1541.802 1071.275 1419.021 1078.04 1214.476 1112.226 1217.926 1105.414 1351.027 1081.53 
1335.426 125.0499 1335.632 269.9413 1232.113 266.5675 1211.453 431.9845 1225.211 566.492 1438.972 273.3469 1459.734 428.6017 1449.293 562.9517 1338.947 569.9229 1280.211 570.0007 1297.606 807.9094 1263.09 1066.642 1397.737 566.5724 1418.452 814.735 1432.181 1059.672 1308.132 111.1964 1352.842 104.3383 1280.453 131.9039 1387.326 128.4369 1428.672 1114.946 1459.682 1111.456 1421.719 1070.049 1280.298 1121.718 1252.714 1118.312 1266.597 1087.177 
1311.203 124.9465 1328.288 269.8563 1224.938 273.2437 1204.295 431.9221 1214.548 562.9529 1424.844 266.4499 1449.091 428.5174 1448.808 562.954 1331.739 569.8364 1262.729 569.8506 1228.461 821.4733 1248.924 1062.801 1393.844 569.8506 1404.191 814.6863 1321.327 1062.861 1293.802 114.6447 1335.223 104.3276 1273.093 138.8443 1366.344 125.0631 1445.456 1118.118 1442.073 1114.395 1300.714 1093.786 1166.257 1107.659 1169.542 1090.476 1259.391 1090.495 
1271.724 118.688 1305.571 257.134 1204.426 257.0262 1187.473 418.8025 1200.954 550.3353 1403.187 257.2179 1416.696 415.5932 1420.087 546.8686 1308.952 557.115 1251.537 560.4231 1251.501 796.4787 1238.106 1042.567 1372.844 557.0643 1389.637 806.6006 1396.547 1035.848 1254.998 95.35166 1295.346 95.31023 1248.148 135.6884 1342.514 118.6673 1399.833 1089.64 1426.873 1086.245 1386.417 1052.597 1275.126 1092.973 1241.43 1092.991 1231.327 1066.031 
1292.861 130.5003 1326.946 283.8192 1234.759 280.4288 1207.552 444.0062 1214.235 580.3638 1429.177 287.1444 1439.362 447.3441 1446.214 563.4153 1323.596 583.8005 1265.495 587.233 1272.359 818.925 1354.098 1050.933 1388.269 580.3986 1446.214 812.1913 1432.459 1050.693 1289.241 120.0941 1319.979 120.2026 1262.113 137.2065 1374.499 140.5937 1521.142 1098.467 1517.759 1078.164 1408.782 1077.918 1268.887 1108.744 1268.881 1101.883 1377.971 1078.072 
1265.452 120.2501 1319.92 266.6961 1214.563 263.378 1190.509 423.7039 1207.513 559.8531 1412.152 266.7542 1432.539 426.9768 1432.416 556.3981 1319.888 566.6961 1251.95 563.3961 1265.663 829.2943 1268.893 1057.644 1377.961 563.3846 1398.413 801.9875 1405.274 1043.87 1262.071 103.1333 1289.454 99.8718 1262.123 137.2076 1347.389 123.5317 1422.338 1105.428 1442.856 1101.802 1388.271 1054.226 1320.024 1105.203 1285.985 1105.381 1262.103 1078.143 
1272.466 145.5905 1327.637 290.2491 1224.377 287.0279 1196.766 452.2313 1200.27 573.0067 1420.851 290.3586 1434.528 452.1993 1441.404 569.5652 1327.605 590.2491 1255.399 590.2524 1234.569 814.3022 1255.295 1076.112 1392.995 590.2706 1417.102 814.1838 1351.834 1065.852 1262.232 124.8825 1296.591 124.9731 1275.962 138.712 1358.697 148.873 1462.051 1120.836 1458.616 1110.605 1331.126 1093.316 1182.912 1117.509 1179.422 1110.583 1279.308 1096.79 
1326.094 122.946 1346.969 272.9281 1242.551 272.8893 1214.624 433.4434 1238.963 569.3593 1437.819 269.5407 1441.351 433.4034 1458.561 551.8862 1350.501 572.9073 1291.27 576.2811 1298.155 824.0129 1294.692 1075.022 1406.492 572.8449 1409.698 820.5862 1434.038 1071.617 1305.302 108.95 1350.544 102.0447 1291.265 147.3298 1385.548 129.8718 1423.787 1127.427 1455.115 1123.904 1423.747 1095.934 1329.67 1127.23 1298.179 1127.34 1287.742 1099.333 
1320.535 116.8479 1320.312 260.1497 1218.219 260.0785 1194.375 423.5929 1211.358 556.6097 1409.151 260.1571 1429.434 420.2472 1433.054 543.0475 1320.572 560.1495 1262.456 560.1728 1265.707 791.9077 1313.536 1051.035 1381.87 560.1111 1405.591 822.5521 1405.802 1051.133 1296.702 96.52199 1344.357 96.53226 1269.227 126.976 1371.574 130.413 1491.039 1078.382 1490.943 1071.526 1392.097 1078.505 1276.177 1109.089 1262.519 1102.261 1327.249 1071.581 
1341.942 124.3685 1342.023 279.6339 1246.537 279.721 1225.364 449.1249 1229.008 583.1093 1451.228 276.1517 1465.421 438.6274 1461.834 576.1766 1342.016 579.6339 1281.936 579.7021 1309.983 823.1162 1285.422 1101.971 1405.491 579.544 1422.848 830.1915 1444.271 1084.297 1317.316 110.287 1366.515 103.3076 1288.926 145.6357 1394.866 131.6117 1426.577 1140.757 1454.959 1137.275 1444.23 1098.367 1341.935 1144.255 1310.182 1147.815 1278.271 1119.679 
1313.54 127.9483 1317.184 279.6285 1225.242 283.1881 1200.831 449.0214 1197.329 593.785 1422.964 276.1039 1447.583 438.3899 1447.651 576.1377 1317.172 579.6285 1253.668 579.709 1243.093 833.7623 1260.776 1077.174 1391.176 579.6283 1412.453 830.084 1380.654 1073.666 1285.598 124.2907 1331.329 110.3302 1260.663 156.0377 1362.974 135.0117 1440.659 1147.711 1451.293 1137.201 1363.011 1091.368 1200.811 1137.235 1197.198 1119.497 1285.459 1098.385 
1339.999 125.9495 1329.306 290.1824 1232.806 293.5911 1211.477 454.4386 1222.151 582.9224 1432.785 286.6185 1443.642 447.3759 1468.598 586.4234 1336.455 590.0972 1272.199 590.1566 1268.523 872.2398 1272.154 1100.649 1407.756 590.0406 1407.731 839.8627 1400.684 1089.95 1318.507 115.1166 1357.648 111.6197 1272.199 154.2975 1379.113 147.3045 1443.573 1157.791 1468.393 1150.639 1382.889 1111.388 1236.437 1154.106 1218.562 1136.379 1293.548 1125.715 
1361.282 122.9669 1315.845 269.5479 1214.821 269.4521 1197.247 433.4484 1211.23 566.0121 1410.074 272.9489 1416.999 433.2752 1437.946 548.5989 1322.78 569.4677 1260.122 569.4697 1266.888 817.0031 1281.042 1075.154 1382.145 569.413 1413.588 848.4363 1434.484 1071.782 1336.882 105.4953 1364.678 98.71175 1277.525 130.0024 1347.182 143.894 1469.406 1110.06 1490.409 1099.69 1413.563 1099.669 1291.503 1131.206 1266.94 1131.013 1295.089 1085.715 
1345.228 143.7426 1283.887 283.446 1188.619 286.6569 1175.059 450.2285 1195.388 582.9242 1372.47 283.3692 1396.111 439.899 1409.879 558.9432 1304.36 582.7465 1243.101 586.1926 1260.178 807.4843 1324.919 1052.548 1368.933 575.9792 1426.861 807.4082 1409.922 1045.607 1321.31 123.4607 1345.072 120.1347 1260.076 147.2547 1314.455 140.3984 1528.923 1079.678 1518.713 1072.855 1396.293 1072.805 1239.83 1110.442 1239.824 1103.423 1348.786 1076.284 
1339.374 128.2607 1287.767 283.0727 1198.118 286.4718 1174.157 454.9356 1194.858 582.3818 1387.417 279.5375 1401.297 430.952 1415.064 544.5796 1308.312 582.3683 1249.895 585.7746 1277.251 809.5703 1253.4 1070.999 1366.782 578.8714 1384.042 812.7583 1411.497 1057.087 1315.2 121.1811 1336.068 117.8161 1253.458 145.3396 1328.88 141.9391 1414.839 1112.127 1439.008 1101.933 1397.758 1067.551 1328.905 1115.747 1298.061 1122.492 1239.588 1094.988 
1346.046 136.4287 1294.061 285.8412 1203.611 289.3087 1182.763 456.214 1193.204 581.4636 1387.922 275.5714 1408.784 431.8466 1426.092 550.1321 1318.195 584.8688 1248.884 584.9365 1221.081 817.7527 1241.882 1068.136 1377.48 581.3949 1405.256 817.8662 1321.798 1071.513 1318.386 122.6731 1342.626 122.3994 1262.586 150.4556 1342.604 143.405 1443.569 1127.11 1440.075 1116.745 1294.191 1099.379 1175.754 1123.699 1168.845 1106.39 1262.73 1095.999 
1329.202 118.8142 1275.191 260.5973 1180.918 260.4148 1150.697 425.6942 1170.793 557.2716 1359.559 270.5456 1362.871 422.2833 1386.401 543.6323 1278.703 560.5767 1224.622 563.9063 1248.238 796.533 1228.127 1039.336 1332.761 560.4911 1335.995 796.4401 1339.318 1035.892 1305.593 98.77181 1325.861 98.64333 1248.353 125.613 1302.176 139.0868 1339.452 1083.167 1366.405 1076.383 1332.519 1052.816 1305.542 1076.396 1275.347 1089.71 1211.286 1066.237 
1334.883 138.9247 1267.337 277.1135 1189.796 270.2804 1166.256 442.0206 1179.807 576.9348 1344.77 283.6643 1354.877 442.0081 1378.534 549.9493 1280.834 576.8097 1227 580.1713 1267.333 795.893 1338.119 1014.711 1334.654 570.1245 1375.07 789.0107 1317.871 1008.021 1317.9 122.0834 1334.636 118.7767 1253.901 142.3286 1300.906 138.9512 1267.321 1088.9 1287.499 1092.112 1304.413 1034.848 1442.587 1041.609 1418.961 1058.391 1351.5 1041.692 
1360.031 126.1752 1294.053 278.9576 1207.151 272.0886 1182.753 456.1772 1203.591 605.7767 1380.922 282.489 1398.283 442.3437 1405.256 567.509 1318.197 577.9845 1262.588 584.8414 1294.169 817.7786 1266.194 1068.048 1373.809 574.4661 1367.004 821.3435 1363.56 1061.151 1339.207 118.9588 1349.852 115.5904 1273.093 136.4837 1342.565 143.4008 1374.066 1116.727 1401.635 1102.919 1349.702 1074.984 1339.208 1116.679 1304.456 1123.534 1248.812 1095.79 
1300.354 124.9351 1276.218 276.5882 1173.031 273.2635 1152.199 435.3035 1148.88 586.8867 1366.005 273.1674 1379.755 428.392 1390.019 562.7804 1279.681 576.5682 1214.26 576.6003 1196.95 817.8879 1224.484 1055.75 1338.438 576.5317 1362.533 810.9366 1307.291 1059.081 1272.853 114.6259 1307.33 107.7289 1224.579 142.1929 1331.356 142.2036 1417.51 1117.709 1414.136 1107.435 1279.901 1086.639 1117.857 1090.28 1121.308 1086.665 1238.465 1083.307 
1235.174 118.8956 1231.694 257.2985 1140.666 257.2936 1120.486 419.1466 1130.603 557.272 1332.752 260.4713 1339.741 419.0347 1359.682 550.4567 1235.175 557.2783 1174.476 557.3716 1191.188 803.4146 1208.133 1025.989 1302.541 553.9953 1302.535 786.5313 1316.083 1029.414 1218.232 102.0843 1255.268 98.74502 1181.077 129.0314 1278.978 125.7097 1336.196 1086.759 1363.13 1076.572 1305.873 1046.302 1218.281 1086.63 1194.526 1079.938 1224.98 1039.423 
1273.07 126.4265 1269.74 276.2259 1172.036 276.3187 1158.128 447.0354 1172.043 586.4578 1374.267 272.7875 1388.21 433.0529 1405.453 568.9191 1280.162 576.0448 1213.983 579.5144 1234.818 819.9416 1283.593 1067.534 1349.787 572.6208 1381.145 823.4681 1398.522 1070.85 1252.243 119.2757 1294.117 115.9121 1217.426 143.7525 1321.92 140.3474 1489.208 1098.665 1485.683 1078.068 1377.763 1098.885 1266.102 1130.297 1241.736 1126.69 1301.068 1081.456 
1223.775 132.2175 1223.91 277.119 1129.392 277.0768 1119.182 442.0368 1126.133 576.9789 1314.793 277.1067 1338.337 432.0873 1358.365 553.5129 1237.283 576.8209 1173.283 576.9734 1200.163 795.9619 1280.979 1045.227 1304.573 570.2076 1348.415 799.3843 1358.453 1021.669 1200.242 118.8114 1244.014 118.6674 1173.271 145.6136 1277.542 142.3026 1446.219 1058.699 1446.069 1041.813 1338.408 1048.621 1186.749 1095.733 1190.115 1089.083 1304.721 1065.546 
1160.5 122.3923 1200.983 260.4497 1113.202 267.2267 1096.451 422.3174 1089.584 563.763 1301.97 257.0987 1325.59 415.6122 1318.95 553.7026 1200.997 560.4498 1143.562 560.4842 1157.068 789.5417 1170.585 1032.264 1264.961 560.3895 1278.46 793.1113 1305.278 1028.959 1146.917 115.5394 1177.31 108.7185 1146.902 145.812 1227.988 118.8337 1305.312 1089.516 1332.348 1076.189 1291.861 1039.151 1173.916 1086.29 1146.997 1079.557 1177.321 1039.178 
1182.714 147.3049 1234.872 290.1001 1130.587 290.1736 1123.367 457.4066 1109.546 593.4452 1325.603 286.751 1353.485 454.058 1349.996 593.4543 1234.902 590.1001 1165.225 590.084 1140.835 841.0979 1182.58 1074.697 1294.411 593.4612 1297.715 844.5196 1269.864 1071.106 1172.223 126.5048 1207.032 123.0539 1186.118 150.7977 1262.954 133.366 1360.581 1126.882 1360.528 1109.468 1248.902 1099.128 1067.673 1123.307 1074.522 1106.09 1203.587 1102.475 
