837.855 138.6536 837.729 241.4787 750.7443 241.6197 719.1323 395.5176 711.3474 529.6454 928.404 237.674 960.007 379.6419 971.9513 517.7097 837.7485 541.4787 774.6096 541.4938 770.279 739.0255 770.3514 916.6461 900.8301 541.5253 900.9832 738.7903 924.3781 924.4766 825.8284 111.4443 865.2185 115.1665 801.8756 138.7567 892.7716 138.9356 940.3221 959.8811 963.821 944.175 904.6761 932.5041 742.9797 959.9257 730.9385 944.2607 774.5192 928.5444 
846.0646 138.8173 846.0726 237.9279 763.1853 237.9113 688.1584 364.3136 707.7871 490.6073 933.0244 237.9243 976.4194 387.8206 992.1258 518.3342 842.191 537.9028 779.1122 530.149 770.8886 739.3183 770.8717 913.2873 901.6252 541.8789 909.3217 739.5457 925.028 921.2076 834.0617 115.2472 866.0045 115.2728 806.4361 138.8208 897.3387 138.9787 944.8594 960.5475 964.4925 944.8339 905.33 932.9053 743.5049 960.5496 727.6525 944.8931 775.0633 929.0454 
910.3285 157.4826 894.7046 247.6832 808.3928 231.826 694.6888 267.4991 686.7499 396.7765 988.5243 267.3513 1000.396 423.978 996.6232 561.2869 859.1397 545.5676 796.3829 533.9146 745.6508 733.6544 765.2172 906.4046 921.9467 549.6559 918.1076 745.6191 918.0747 914.17 894.5023 137.8482 929.9031 141.6684 867.2257 141.7323 957.4975 161.3555 933.7699 953.2834 953.5026 937.7519 898.5346 922.1096 737.6586 953.2873 722.0496 937.6639 773.1703 922.1184 
734.0614 137.9163 761.2546 231.9379 671.2729 263.3615 639.9462 424.0362 663.3302 569.1686 835.8837 200.6186 957.3608 204.5461 984.7173 310.4604 820.1205 526.106 761.2953 545.5381 761.3972 737.9747 765.3632 914.3041 878.9976 518.1284 918.0668 714.3334 929.8652 894.7083 710.3211 118.32 757.3593 114.3311 682.876 141.6773 777.0952 133.9663 953.4377 949.5071 973.0542 933.8263 922.0221 914.1768 737.7065 953.374 722.1739 937.7215 776.9579 926.0159 
706.7159 137.4774 718.1332 228.5078 645.8904 258.885 623.0602 410.8029 645.8599 551.0551 801.5997 198.1051 923.0054 228.3511 930.6949 346.0767 786.4454 520.6266 729.4743 531.9693 737.0018 714.4222 740.9604 885.0659 847.1358 505.4409 888.7516 687.7045 900.3235 865.9753 683.7447 129.647 718.1282 125.8437 653.5417 137.4147 744.6427 133.6602 923.0938 915.4675 942.0807 900.2609 892.6241 877.4838 714.3362 922.9489 702.9011 907.8319 748.59 896.3918 
908.4821 158.7143 924.6076 268.1664 831.6974 276.1562 726.0063 341.0049 718.0942 207.4796 1017.782 251.9574 1127.39 365.3439 1074.702 499.0686 920.5275 568.1387 855.8446 564.1819 795.067 758.4551 791.1392 944.9836 981.4915 572.106 985.4738 778.8765 985.6769 953.2309 888.4433 142.5027 924.9265 142.5388 868.0488 146.7957 961.2474 158.774 989.7813 989.3988 1017.919 985.5031 981.4801 961.3324 754.5169 985.4518 738.3345 965.28 803.1353 957.209 
916.2943 173.1792 932.7591 275.6586 838.2983 280.1071 727.3985 349.8288 706.9501 226.4824 1027.147 251.331 1138.114 357.861 1092.783 501.6544 932.9064 575.6586 871.0585 575.5185 809.6484 768.5815 801.4762 957.4507 998.3984 579.5908 1002.378 797.1946 998.6299 973.7704 899.9046 148.4782 936.9277 148.5355 871.403 160.9084 969.7548 169.0473 1006.755 1002.571 1031.392 1002.419 998.3167 990.2448 760.368 998.3886 743.9619 977.9446 813.6265 969.8503 
840.5417 148.6011 808.5789 256.6621 720.5404 240.545 592.4119 328.6542 652.6483 460.6873 884.4438 268.815 968.4465 376.6746 1028.448 304.8247 816.494 556.5577 752.6364 560.5123 752.7325 756.5724 776.4202 932.5395 880.3866 552.5195 940.2823 748.5739 940.5368 932.4485 816.6174 132.7146 856.5302 140.55 784.511 144.5214 880.3759 160.6098 976.4634 972.5781 988.5626 956.5538 916.5458 948.4612 744.5649 972.5818 720.7229 964.4277 784.5528 940.6585 
798.9904 170.79 762.7936 272.0482 693.5255 251.9644 568.069 361.397 661.1261 482.921 843.6303 276.3918 920.5027 401.7146 981.3328 300.5225 811.2857 568.1031 758.4921 580.2056 758.3453 786.9652 762.4673 949.0582 863.8565 559.9943 949.039 738.232 953.1448 936.8312 782.8674 146.4256 823.2728 146.6904 746.3336 154.8094 835.6295 170.9441 997.6321 985.517 1013.848 965.2399 928.7787 957.0656 750.4117 985.4452 726.2534 977.4196 770.7963 957.1276 
897.375 146.7849 868.9011 244.301 791.8998 240.1171 665.9093 329.282 735.0255 459.0697 953.8287 260.2749 1027.148 353.677 1059.581 276.5364 872.9014 544.2744 824.4091 544.2527 836.3879 726.6453 706.655 860.6027 921.5714 548.3162 917.6223 747.1583 884.93 945.9573 885.0839 130.4425 921.6216 134.6096 844.5887 142.6514 941.8358 146.746 950.0451 978.423 949.9706 958.3029 856.6677 958.2409 706.6521 921.5485 690.28 905.2993 698.3683 856.8199 
1006.152 190.2103 975.3994 296.114 900.3048 282.9688 763.6431 371.3943 847.3823 512.1609 1058.979 300.6264 1142.917 419.7026 1182.629 300.5472 979.6648 596.0837 935.5271 596.0284 975.4216 807.7927 785.4833 772.4418 1032.458 600.5089 1045.815 825.1364 962.0312 1028.1 984.1274 159.7483 1032.539 163.9621 944.4963 185.9512 1041.656 190.15 1037.069 1063.418 1036.807 1045.812 931.0735 1041.365 728.2846 838.5436 719.6816 825.2259 767.9813 750.222 
789.5457 136.6649 797.441 233.9625 727.1848 256.9998 715.6609 393.1063 669.2545 385.2738 882.8721 226.0442 948.785 358.2871 945.0945 482.6566 820.3439 533.087 758.3757 536.8679 758.569 731.2905 785.6785 917.6415 878.8311 533.0067 874.9391 727.285 863.2714 890.5212 766.186 113.5237 808.9662 113.4266 739.097 136.6968 828.4192 136.497 902.2455 940.8947 917.6719 917.7934 851.5671 913.8867 735.1446 944.8026 731.1215 929.4333 797.2689 933.2956 
722.9106 149.1019 770.9163 249.5259 718.7665 273.6858 686.6127 409.9596 634.5494 301.581 819.2856 229.2743 939.337 337.8706 943.2993 494.1508 815.018 546.2666 782.7767 554.2722 767.0138 750.8483 814.9524 947.465 847.3094 534.3657 819.2032 730.884 1015.704 723.0423 714.6686 140.8763 750.8539 137.1527 690.7645 149.0708 786.8877 149.1541 1047.816 811.1373 1067.841 787.1978 1035.787 710.6888 722.9686 967.5427 730.8816 951.5548 827.1395 971.5744 
824.3127 144.7747 852.2738 260.5183 788.1703 268.5298 688.1532 328.5577 684.2063 200.5737 924.1752 244.5848 1032.019 368.4529 912.0212 464.2425 856.2971 560.4913 812.2111 564.336 776.1054 748.1427 808.2819 944.3286 912.0203 560.4155 971.9177 752.0992 1039.955 932.1573 812.3141 136.4744 848.3403 136.4845 796.2166 140.7239 888.204 148.5319 984.0894 972.1105 1016.138 975.941 1063.971 944.0671 724.2133 968.0695 728.2548 952.0851 824.1974 971.9734 
856.0797 170.9982 876.3528 272.3329 795.2663 276.3187 693.8889 349.4243 694.0195 231.7944 953.4697 272.0991 1050.674 397.8347 929.1765 462.7916 880.2813 572.3072 819.4941 572.2258 762.743 762.8588 815.5476 957.3405 937.1381 572.366 985.7133 762.8027 1050.54 949.172 835.7918 146.7026 880.4211 146.7613 823.5202 162.8236 920.6823 170.9964 1006.032 985.7513 1034.438 985.842 1062.808 957.2231 734.5255 985.5566 738.47 965.5952 831.9031 977.6443 
821.2372 171.7993 793.9515 265.2921 727.7833 261.4163 622.8986 377.9476 720.154 451.7276 856.4606 269.1467 945.6727 374.003 953.6053 253.495 813.4172 564.66 759.027 572.3632 731.7715 766.8551 696.8234 914.676 856.5062 553.0242 934.0994 727.9409 949.8104 914.6409 794.1542 152.397 832.9435 156.1929 759.244 167.8197 852.5454 167.7233 1011.996 941.9008 1015.8 922.4794 941.733 934.0527 728.0401 945.6657 700.8282 949.4453 689.0052 922.4023 
841.2421 175.9665 813.4965 271.6204 745.6707 271.4238 649.8351 390.9981 741.602 462.8048 885.1022 275.5001 972.7329 375.0878 1000.313 263.5762 841.2385 570.335 785.4168 582.1689 753.5491 781.6012 713.7175 932.8214 889.0834 558.5428 968.7375 737.6303 972.8741 936.8271 817.2252 159.9926 857.087 160.0937 781.5328 171.9435 877.0267 171.9863 1040.424 968.4683 1044.359 944.907 960.6921 956.704 745.6696 968.4862 717.7703 968.6135 705.6672 940.7216 
860.2543 187.1099 851.7666 305.6303 754.4467 318.4185 686.7155 449.4589 699.3254 288.5521 940.6926 288.6722 1033.906 381.8338 1097.3 496.1033 919.5463 597.8732 847.5311 597.8768 763.0191 792.5519 796.7057 995.7691 991.6196 597.7497 1042.438 826.2819 1088.888 1021.232 830.8594 170.0481 877.3012 174.3221 796.9469 186.8929 898.5644 187.0183 1101.592 1038.347 1122.826 1038.138 1093.05 1033.763 733.3296 1029.589 729.1224 1012.75 817.9608 1008.609 
865.2747 216.8114 860.9017 322.7521 763.44 335.4928 691.5253 462.524 704.003 318.305 954.0185 314.3125 1038.8 399.1144 1102.27 521.9414 928.3476 615.0723 852.3788 615.0809 759.2665 793.0938 797.1963 996.4108 996.3858 610.8477 1059.786 826.7939 1089.569 1017.494 852.2849 191.3988 894.6386 195.6195 818.3462 212.5278 915.9519 216.7749 1102.233 1034.749 1123.43 1034.527 1089.551 1030.286 733.6797 1030.372 729.4353 1021.726 822.548 1009.195 
944.8574 167.0681 924.3287 266.9936 841.04 250.3824 703.7 312.5986 716.1373 445.7859 1015.71 279.563 1061.538 420.9998 1098.967 300.1718 907.5623 566.5247 840.9269 566.489 782.8783 786.9231 782.8042 978.3261 974.1687 566.4951 1015.729 782.8582 1044.915 978.2048 916.0714 146.3576 957.5789 146.3765 890.926 150.6296 986.662 154.8098 1073.943 1011.73 1086.563 1003.252 1032.411 986.6535 736.9753 1011.662 720.5065 999.1398 803.585 990.8849 
1001.419 192.5663 984.6995 298.8466 899.2523 286.2136 762.9744 358.563 733.4594 503.4232 1074.186 315.9659 1108.31 460.8755 1137.886 354.3626 924.9868 592.8439 856.7842 592.7552 793.0126 805.7098 801.3895 1001.675 993.0551 592.8616 1061.208 792.9904 1069.74 1001.507 971.8902 183.7205 1014.415 179.6808 942.1795 188.3264 1044.193 188.2514 1125.215 1035.712 1137.83 1018.66 1044.271 1018.636 750.4003 1035.897 737.6512 1027.2 818.5887 1014.463 
883.9996 150.5884 887.8258 264.0939 794.7318 252.013 705.698 369.312 697.5591 239.6842 965.0068 267.9901 1042.034 381.6048 1054.052 247.91 875.9199 563.8575 807.1072 563.9204 758.3277 766.5087 762.2795 952.9424 940.8142 563.8015 989.3776 762.5786 1017.75 952.8848 859.6213 138.4332 900.199 138.347 831.2969 146.7237 928.5326 146.7477 1066.404 985.243 1078.557 965.1188 997.5068 973.1501 713.7765 985.414 701.6631 977.1655 774.6805 965.1459 
861.2687 142.8938 861.394 245.4099 770.5084 245.5477 667.8673 328.2307 675.6751 300.6627 940.4504 237.7401 1027.144 332.3908 1046.977 300.6813 861.455 545.4099 798.273 541.6337 746.8896 742.9755 742.8809 928.5397 928.3245 541.6418 959.9394 742.8145 991.6876 928.4607 833.9337 130.9183 873.2679 127.0065 806.2386 142.7797 901.0084 142.6902 1031.204 960.0701 1050.795 944.2604 975.8281 944.297 691.5579 960.1116 679.9442 948.2592 758.7001 944.3123 
873.0141 144.9387 872.978 252.8381 780.7303 244.8326 656.7267 332.656 720.8953 440.8508 964.9034 256.7104 1073.044 340.9011 1008.79 460.8407 868.9387 552.8109 804.954 552.7689 776.9838 756.9226 752.9487 941.0443 936.8096 552.7376 968.8032 748.9203 1004.927 937.0128 848.9611 136.576 889.013 136.5799 820.97 144.8438 916.9173 144.9691 1040.948 972.8301 1053.051 952.9582 988.9039 952.9164 700.8654 972.9887 692.8851 960.9713 768.9598 957.0073 
880.5469 146.8457 884.5775 260.1108 791.1938 252.1806 677.8395 349.3145 730.5119 462.8761 973.7129 256.0826 1083.098 361.6146 1034.629 487.2853 884.5798 560.1108 823.5677 556.1576 791.1273 762.9996 762.9586 953.5117 949.4633 556.1954 977.784 758.9103 1018.286 953.2771 856.3511 134.5752 896.6851 134.4595 827.962 146.6564 925.2354 146.6497 1058.887 985.8284 1075.092 965.6791 998.1409 965.6001 706.1691 985.9206 698.2075 973.6855 779.16 969.6976 
944.2281 174.768 960.5663 276.0195 879.4041 280.1483 761.8933 369.0282 681.0768 466.5583 1053.577 271.8214 1179.271 344.9802 1090.003 450.1968 948.328 575.7698 883.4944 571.6506 822.7338 762.21 762.0892 952.4881 1013.175 579.8343 1029.246 782.3378 1021.407 952.3586 923.8215 150.5406 960.3772 146.7267 899.7421 170.8476 989.0199 170.7605 1057.606 984.8409 1077.928 976.6888 1013.112 964.4454 701.262 984.8467 697.1441 972.5236 774.182 976.6324 
924.2665 168.6051 940.3228 268.649 848.2209 272.5959 744.2027 348.5095 696.2981 472.5138 1035.99 268.3602 1148.144 344.5859 1092.077 464.4042 928.1412 568.4016 856.3091 560.5532 800.2036 756.2892 752.3579 940.2228 996.1686 572.4521 1020.214 776.3706 1008.293 940.2314 908.2121 144.6361 944.2525 144.5988 880.3917 168.4735 976.1766 164.6542 1048.152 972.3673 1068.051 968.1021 1000.047 948.3314 696.4132 972.2607 688.4957 956.2487 764.3831 956.2491 
764.0892 168.4762 748.824 260.3937 657.4518 260.4194 554.2581 344.0914 626.6853 439.5052 836.5129 260.3388 928.1516 363.2603 1016.138 470.1049 787.0239 557.9517 722.233 558.0821 683.9948 737.4287 714.5247 897.8701 848.2311 550.3845 905.5244 737.4882 962.5228 897.7414 745.0728 145.7574 779.4581 153.3257 714.5627 164.6448 805.9977 168.5688 1004.688 928.3862 1019.785 916.8552 954.9326 909.2271 661.0885 928.41 657.1947 920.6431 726.0666 913.1206 
767.432 167.328 759.6639 264.2011 670.5489 264.1633 569.7968 349.2116 635.775 445.9738 848.7115 264.1519 945.4388 368.5026 1034.624 476.9126 794.5447 562.1664 728.8174 565.9993 693.7507 751.8563 724.6213 910.7703 860.3109 554.4256 918.4946 736.5037 976.3297 906.853 755.6581 147.813 790.543 155.5284 724.8151 167.0489 817.5389 171.1371 1015.216 941.6749 1030.766 926.1628 968.6126 918.5371 666.8314 941.6622 662.9532 930.0438 732.628 926.1924 
888.8358 150.8068 900.9017 264.1845 819.6528 268.3201 730.4688 377.7219 661.6444 499.2437 990.0671 248.0806 1115.851 337.0749 1046.823 446.7686 896.7342 564.1555 831.9783 560.2343 795.2848 758.8153 754.8217 949.4995 957.7186 564.1691 990.2276 767.1192 1014.406 953.4982 868.3735 142.3842 912.9343 142.4167 848.0949 150.7437 933.2676 150.7516 1026.575 986.1266 1050.843 981.8995 998.1207 961.5999 693.8963 985.7671 685.8574 961.6808 762.9394 965.7719 