256.3048 129.5754 243.5394 175.1815 173.8188 169.1336 88.67259 244.9073 77.95879 244.9107 313.9641 171.8168 394.4282 244.8987 0 0 0 0 0 0 0 0 0 0 0 0 0 0 0 0 228.138 103.4254 271.7164 119.4955 201.3494 110.1638 286.4528 120.1754 0 0 0 0 0 0 0 0 0 0 0 0 
279.2955 130.4155 236.7584 184.2429 166.3015 163.6458 93.87153 236.0858 77.26803 242.7407 307.1916 183.5837 390.2516 242.7324 0 0 0 0 0 0 0 0 0 0 0 0 0 0 0 0 266.6617 101.1753 293.9133 129.7574 225.4378 99.1783 298.5446 140.3842 0 0 0 0 0 0 0 0 0 0 0 0 
286.4863 128.3676 237.3186 183.5208 166.2376 162.9258 89.85583 242.6438 70.59164 242.6491 305.084 185.5136 388.1292 242.6484 0 0 0 0 0 0 0 0 0 0 0 0 0 0 0 0 272.5271 103.1207 298.4396 113.0906 221.3978 99.80685 298.4374 140.3338 0 0 0 0 0 0 0 0 0 0 0 0 
259.6812 114.0442 239.8252 180.2328 168.3312 166.9953 104.7681 226.582 77.62502 241.8107 309.3359 174.9472 393.4205 241.8212 0 0 0 0 0 0 0 0 0 0 0 0 0 0 0 0 233.203 98.81931 267.6552 94.17571 198.1019 118.6488 281.5241 112.712 0 0 0 0 0 0 0 0 0 0 0 0 
239.322 123.0155 243.2445 175.5908 171.6399 167.0455 101.346 228.7923 67.83043 239.9628 308.9447 170.3115 391.7298 239.9615 0 0 0 0 0 0 0 0 0 0 0 0 0 0 0 0 209.7352 112.4797 248.4791 98.05421 186.1055 126.2997 264.9174 96.73204 0 0 0 0 0 0 0 0 0 0 0 0 
251.5137 120.2234 241.5702 177.8871 170.6059 165.9601 104.2872 225.6411 82.39458 236.2663 317.1548 178.5609 393.4237 242.2258 0 0 0 0 0 0 0 0 0 0 0 0 0 0 0 0 230.944 100.9642 270.079 106.9244 203.0835 107.5845 286.6536 118.8869 0 0 0 0 0 0 0 0 0 0 0 0 
257.4688 124.1779 241.5766 177.8784 170.5933 166.6115 107.5984 219.6759 74.44462 242.2184 317.8149 177.2326 396.7348 242.2255 0 0 0 0 0 0 0 0 0 0 0 0 0 0 0 0 237.5766 102.3048 275.3833 107.578 207.0662 108.9531 293.2692 114.2215 0 0 0 0 0 0 0 0 0 0 0 0 
251.1566 120.0969 242.6308 176.4378 170.5482 167.9251 94.52947 239.3516 78.8062 239.3567 313.3982 170.5505 392.6812 239.3586 0 0 0 0 0 0 0 0 0 0 0 0 0 0 0 0 226.2309 103.0596 264.8923 101.0633 196.736 112.8865 282.6073 103.7082 0 0 0 0 0 0 0 0 0 0 0 0 
257.5025 117.9253 244.2695 174.162 171.5096 166.2061 82.19067 241.6409 79.55712 241.6375 313.7295 170.8478 394.4468 241.6335 0 0 0 0 0 0 0 0 0 0 0 0 0 0 0 0 234.3351 94.11841 272.7422 97.41542 205.2529 111.9712 289.2563 106.0187 0 0 0 0 0 0 0 0 0 0 0 0 
254.664 121.806 243.4337 175.3284 172.0376 165.4267 103.2916 227.5598 83.46008 235.4692 315.4707 172.6966 394.7987 241.4484 0 0 0 0 0 0 0 0 0 0 0 0 0 0 0 0 232.8575 99.31836 271.8575 101.9545 201.7816 111.2274 288.3748 109.243 0 0 0 0 0 0 0 0 0 0 0 0 
250.1327 116.4636 243.4597 175.2922 173.2721 167.2626 105.7734 228.7533 81.70724 238.1187 317.6376 173.2691 398.5204 244.1311 0 0 0 0 0 0 0 0 0 0 0 0 0 0 0 0 228.7555 97.7559 268.1754 97.09389 199.3442 110.4673 285.5312 109.7687 0 0 0 0 0 0 0 0 0 0 0 0 
256.8742 123.2434 243.0256 175.8936 171.2958 165.3677 89.68628 240.4083 76.51963 240.4126 313.462 175.2447 391.7996 240.412 0 0 0 0 0 0 0 0 0 0 0 0 0 0 0 0 234.4595 101.5294 274.6328 100.2041 202.2285 112.042 287.7983 108.7683 0 0 0 0 0 0 0 0 0 0 0 0 
250.3947 117.7319 241.861 177.4916 168.9568 166.3409 94.0881 233.9757 75.69884 239.8979 316.0753 172.9037 390.2932 239.8945 0 0 0 0 0 0 0 0 0 0 0 0 0 0 0 0 229.3879 97.39276 268.1407 96.7057 197.1941 107.8673 283.2443 111.8199 0 0 0 0 0 0 0 0 0 0 0 0 
246.6636 113.4473 240.697 179.067 169.1358 167.1497 108.8306 222.799 70.40033 242.0189 317.5541 177.0835 397.0676 242.0168 0 0 0 0 0 0 0 0 0 0 0 0 0 0 0 0 222.1281 95.57552 259.2356 92.2844 193.6219 118.1126 274.4756 106.8425 0 0 0 0 0 0 0 0 0 0 0 0 
275.3593 119.0378 240.6136 179.179 169.1504 167.8089 96.35193 237.2683 78.98245 238.615 311.4071 178.4893 397.5437 243.9539 0 0 0 0 0 0 0 0 0 0 0 0 0 0 0 0 253.9904 98.33412 285.3354 97.67491 205.9025 109.0332 286.0139 107.0274 0 0 0 0 0 0 0 0 0 0 0 0 
255.6307 112.074 244.4073 173.9686 175.2906 164.7533 93.00085 235.8639 81.13354 235.8695 312.8929 170.6806 390.5825 240.4724 0 0 0 0 0 0 0 0 0 0 0 0 0 0 0 0 232.5613 92.9959 268.7853 96.9479 198.3519 110.7732 281.94 109.4488 0 0 0 0 0 0 0 0 0 0 0 0 
236.9576 114.6274 242.8556 176.1282 173.5042 171.5474 116.6008 214.0631 82.58708 233.7089 311.533 165.6633 389.3603 238.9187 0 0 0 0 0 0 0 0 0 0 0 0 0 0 0 0 212.0965 101.5808 248.7511 94.35376 190.4967 117.896 270.3306 102.2274 0 0 0 0 0 0 0 0 0 0 0 0 
244.7646 118.1646 240.8494 178.8619 169.6245 168.3098 97.76765 233.5798 83.91122 236.2259 312.0485 171.6047 393.8038 240.8392 0 0 0 0 0 0 0 0 0 0 0 0 0 0 0 0 221.059 98.41577 259.953 97.10678 196.6342 112.2457 280.3852 107.6363 0 0 0 0 0 0 0 0 0 0 0 0 
246.41 117.9961 241.794 177.5828 172.2789 168.3093 96.15147 231.8589 81.58506 241.7906 315.2692 170.2993 398.0098 241.7972 0 0 0 0 0 0 0 0 0 0 0 0 0 0 0 0 224.571 98.81574 262.9729 98.11931 198.7636 112.6908 282.8549 108.0474 0 0 0 0 0 0 0 0 0 0 0 0 
247.5401 119.5611 241.565 177.8941 170.601 170.5935 85.72307 242.2304 77.75468 242.2305 314.5085 170.6009 399.3815 242.2304 0 0 0 0 0 0 0 0 0 0 0 0 0 0 0 0 224.9705 99.64563 265.4272 98.98943 199.1086 112.9082 283.3601 109.5964 0 0 0 0 0 0 0 0 0 0 0 0 
