NaN NaN NaN NaN NaN NaN NaN NaN NaN NaN NaN NaN NaN NaN NaN NaN NaN NaN NaN NaN NaN NaN NaN NaN NaN NaN NaN NaN NaN NaN NaN NaN NaN NaN NaN NaN NaN NaN NaN NaN NaN NaN NaN NaN NaN NaN NaN NaN NaN NaN 
265.5325 53.14053 181.1055 134.595 192.7394 128.8357 218.8646 303.2516 346.8643 314.8872 160.7393 143.2779 215.9672 288.5888 311.8803 291.5645 198.5636 434.0866 210.1694 437.0515 239.2028 692.9293 218.8122 948.9762 184.0179 431.1979 224.7056 687.0952 58.99504 861.6411 244.9352 32.78477 277.0134 32.87354 183.9895 35.79542 0 0 76.2942 963.3617 79.36222 948.959 35.72193 858.7172 323.6172 957.6552 306.1385 966.4039 195.5201 975.144 
577.0518 147.456 513.7205 240.6347 497.1249 230.6409 517.1071 383.8865 627.0247 417.153 533.6857 247.2163 540.399 440.3697 643.5978 470.4057 527.0029 540.3406 530.3337 543.6207 573.642 783.4078 343.8716 986.5971 523.7528 540.3538 577.071 780.1855 576.9894 1029.993 560.3148 127.4853 593.6981 137.421 503.7353 143.8961 0 0 677.0222 1046.442 673.4988 1029.964 563.6746 1059.866 400.5179 1099.839 380.4755 1096.488 310.5826 980.0316 
853.0381 188.6988 795.1109 300.3974 769.9635 289.7063 784.3745 448.5772 914.3318 473.7621 820.3738 300.6506 809.6815 445.0607 907.0913 459.5071 802.4104 600.3085 816.8738 607.4374 874.6889 849.4002 939.6004 1105.595 791.6873 603.8326 737.594 845.6777 632.7618 1102.104 827.8344 170.6257 870.9471 177.7611 780.7838 185.0676 0 0 733.8344 1130.912 719.3777 1116.649 614.5641 1130.888 1058.83 1116.535 1033.504 1134.582 928.7642 1131.026 
993.1125 174.5979 941.8856 263.4235 918.173 263.531 965.8476 420.2006 1078.497 423.6479 962.5308 260.0845 993.1874 410.0695 1074.964 406.6232 986.3275 560.1135 969.186 563.47 941.9544 785.2166 897.6732 1040.843 999.9802 560.0749 1078.391 774.783 1081.846 1020.349 969.2527 151.064 996.5449 151.0535 914.8564 171.4226 0 0 1180.679 1047.71 1173.854 1034.111 1068.164 1047.587 1003.371 1068.234 972.7891 1075.125 877.2595 1061.375 
1439.257 183.4303 1370.168 337.0892 1285.133 308.9424 1240.511 499.0785 1406.648 466.7742 1447.188 357.5738 1503.868 466.9262 1520.119 503.2666 1362.08 636.9802 1313.386 636.955 1398.622 888.2863 1248.766 1143.348 1406.822 637.0508 1410.949 924.6077 1382.342 1216.425 1414.76 175.0272 1438.964 171.1034 1345.944 191.4172 0 0 1508.121 1276.872 1507.86 1256.858 1358.126 1252.754 1309.453 1248.814 1277.028 1244.725 1220.283 1143.39 
1327.561 134.6712 1257.161 275.4464 1193.826 268.3773 1179.74 458.2053 1323.922 387.9586 1334.399 292.9066 1359.218 465.373 1341.681 391.4816 1281.819 574.4313 1236.001 574.4933 1253.53 827.851 1302.937 1081.215 1334.441 574.3602 1397.955 803.1093 1257.185 996.7754 1306.38 124.0766 1316.932 123.875 1250 148.6029 0 0 1218.478 1028.393 1232.457 1032.041 1236.001 1000.274 1292.317 1137.545 1274.708 1137.339 1324.038 1098.842 
1409.695 122.9882 1350.474 269.344 1256.16 269.3258 1214.279 450.6672 1329.499 426.2236 1444.517 269.3457 1521.181 415.8908 1430.517 440.1915 1353.982 569.3235 1294.614 572.724 1284.124 841.2238 1290.967 1074.817 1416.596 569.236 1447.953 834.2083 1468.924 1081.837 1385.327 102.0955 1409.512 101.9502 1322.555 126.4836 0 0 1549.015 1137.622 1552.637 1127.141 1454.973 1109.7 1287.581 1127.294 1263.178 1127.034 1297.988 1095.74 
1493.962 109.0606 1431.135 255.5665 1326.541 241.6064 1267.147 363.7107 1246.333 499.8146 1525.484 262.6599 1612.613 388.0785 1574.031 531.1754 1385.92 552.1395 1323.183 548.5749 1315.987 796.3829 1291.683 1075.341 1459.035 559.0654 1466.197 827.676 1469.622 1085.82 1466.218 95.01845 1494.076 95.0965 1406.785 115.9219 0 0 1549.694 1138.163 1553.315 1127.667 1455.61 1110.288 1221.859 1124.138 1218.432 1103.399 1302.144 1103.356 
1282.562 114.8946 1279.255 225.9474 1184.721 229.1009 1158.781 382.3652 1162.081 512.9042 1370.724 225.9402 1393.547 375.936 1393.541 509.5507 1279.321 525.9474 1217.373 525.9541 1210.906 770.6611 1207.571 1008.696 1341.229 522.6802 1351.026 786.7965 1373.837 1015.146 1262.865 95.44962 1295.671 92.30529 1233.666 118.3552 1321.799 115.1051 1448.8 1067.271 1452.144 1054.312 1360.796 1041.168 1181.362 1060.883 1161.851 1054.274 1214.245 1031.445 
1372.093 122.2741 1375.74 265.1819 1272.043 265.1288 1243.717 433.0582 1261.434 583.0693 1475.66 265.0391 1500.85 418.8479 1507.819 579.3696 1379.353 565.1602 1307.955 565.1212 1315.052 854.4072 1322.193 1104.383 1443.673 565.1202 1472.203 861.5561 1504.216 1111.536 1350.782 100.9774 1386.607 100.7539 1325.617 129.4191 1418.721 125.8338 1582.944 1165.077 1589.983 1154.344 1489.97 1140.071 1289.998 1161.569 1272.069 1154.345 1332.885 1129.302 
1382.892 136.691 1386.375 293.6513 1279.24 293.6755 1254.33 457.9072 1272.253 582.8538 1496.896 290.1771 1529.05 450.7948 1518.552 586.6301 1386.523 593.6512 1325.684 597.2101 1296.991 839.8843 1329.269 1093.527 1454.272 590.1387 1504.199 850.7505 1500.695 1122.043 1357.925 125.7253 1407.717 122.3615 1329.161 143.7654 1439.756 136.6277 1586.481 1168.581 1589.961 1154.384 1482.785 1143.594 1279.307 1175.607 1268.629 1157.84 1354.152 1104.379 
1350.878 126.3287 1354.299 273.0431 1246.31 272.9163 1232.29 433.4793 1246.17 569.3594 1459.039 279.9426 1469.588 433.3929 1466.044 559.027 1354.506 573.043 1295.173 576.4293 1312.449 817.0204 1294.973 1075.417 1417.186 573.0153 1434.565 820.6414 1448.489 1071.721 1326.478 105.5409 1375.152 102.0732 1298.46 129.9523 1406.596 126.4171 1448.524 1127.603 1479.925 1124.062 1434.632 1082.315 1288.028 1134.635 1263.64 1131.036 1302.026 1096.236 
1250.77 117.6226 1287.394 260.8288 1187.437 260.8289 1164.11 417.4987 1187.285 544.1301 1377.486 257.598 1397.334 414.173 1397.505 544.0615 1293.985 560.7564 1237.34 560.7894 1240.646 790.8021 1217.483 1030.842 1350.7 557.4839 1347.349 787.4006 1377.312 1024.083 1240.614 104.1191 1274.05 97.60735 1234.048 134.1555 1324 120.7438 1374.057 1080.805 1400.836 1077.423 1370.641 1040.725 1263.975 1080.7 1233.953 1080.783 1210.816 1050.834 
1276.104 120.3592 1323.802 263.5436 1224.93 260.1436 1201.041 423.5652 1211.326 556.6084 1426.069 273.5744 1433.038 427.0148 1432.836 553.2338 1323.732 563.5436 1265.768 566.8268 1293.008 802.1771 1269.209 1061.283 1378.556 563.4866 1395.36 802.1771 1409.065 1047.602 1269.322 103.21 1299.986 103.1229 1262.438 137.2418 1354.622 123.5724 1419.27 1105.489 1446.514 1098.835 1398.789 1061.287 1334.083 1105.587 1303.37 1109.014 1255.585 1081.779 
1293.282 120.1457 1313.702 260.2115 1214.848 263.3853 1187.627 423.6167 1211.351 556.5659 1405.779 260.1696 1409.286 423.6083 1426.172 539.6151 1320.408 560.1365 1262.461 560.1564 1265.959 805.553 1262.599 1051.122 1378.33 560.1024 1375.06 798.7256 1385.273 1047.657 1272.842 99.88322 1320.361 96.54955 1262.445 137.2469 1354.618 123.6585 1392.111 1102.409 1422.748 1102.122 1375.045 1068.127 1289.766 1098.77 1255.709 1098.874 1262.511 1071.585 
1304.212 116.9307 1304.145 260.3125 1211.88 260.2744 1188.183 423.9172 1195.064 557.1062 1406.444 263.5746 1423.62 423.8037 1420.222 553.5754 1304.112 560.3125 1242.704 560.3694 1266.679 795.7385 1293.93 1048.184 1372.342 557.0439 1382.707 802.6817 1403.262 1048.315 1290.427 99.77447 1324.642 96.51073 1259.829 127.1866 1351.977 127.0646 1426.971 1082.524 1450.837 1078.909 1392.845 1075.629 1287.093 1106.226 1263.161 1102.785 1304.149 1061.931 
1316.306 128.0188 1312.748 293.3919 1217.393 293.5296 1199.692 462.7689 1203.452 582.6895 1414.867 289.992 1428.983 452.2242 1450.1 579.2598 1319.737 593.3104 1256.213 596.7853 1245.728 850.6721 1256.253 1087.103 1390.237 593.2657 1393.58 832.9753 1365.467 1083.543 1295.033 124.1633 1337.311 120.7508 1256.19 156.1246 1361.986 149.024 1450.197 1146.929 1450.309 1136.373 1340.847 1111.638 1171.754 1143.503 1171.658 1136.346 1280.921 1115.111 
1362.365 149.1201 1303.53 293.8191 1203.765 293.9133 1189.812 462.7291 1200.255 590.1656 1393.162 293.8071 1413.776 452.3099 1427.674 566.263 1314.007 593.6361 1255.38 600.5507 1272.531 838.2858 1345.028 1062.495 1376.037 586.7565 1458.726 824.6213 1431.099 1055.492 1338.185 131.8967 1362.241 128.4184 1279.431 155.9182 1334.513 135.3295 1551.731 1090.109 1541.417 1086.398 1413.898 1083.052 1258.794 1124.357 1258.79 1114.146 1369.118 1089.849 
