NaN NaN NaN NaN NaN NaN NaN NaN NaN NaN NaN NaN NaN NaN NaN NaN NaN NaN NaN NaN NaN NaN NaN NaN NaN NaN NaN NaN NaN NaN NaN NaN NaN NaN NaN NaN NaN NaN NaN NaN NaN NaN NaN NaN NaN NaN NaN NaN NaN NaN 
NaN NaN NaN NaN NaN NaN NaN NaN NaN NaN NaN NaN NaN NaN NaN NaN NaN NaN Infinity Infinity Infinity Infinity Infinity Infinity NaN NaN NaN NaN NaN NaN NaN NaN NaN NaN NaN NaN NaN NaN NaN NaN NaN NaN NaN NaN Infinity Infinity Infinity Infinity Infinity Infinity 
NaN NaN NaN NaN NaN NaN NaN NaN NaN NaN NaN NaN NaN NaN NaN NaN NaN NaN Infinity Infinity Infinity Infinity Infinity Infinity NaN NaN NaN NaN NaN NaN NaN NaN NaN NaN NaN NaN NaN NaN NaN NaN NaN NaN NaN NaN Infinity Infinity Infinity Infinity Infinity Infinity 
110.4324 27.47941 6.658906 95.76036 46.86527 98.19717 49.4463 244.5586 146.9335 286.0143 0 0 0 0 0 0 6.665415 395.7603 27.50041 395.8088 103.0145 595.7565 166.5639 788.5508 6.686865 398.1973 83.58992 595.8439 149.4425 790.9936 100.6468 6.648484 110.3602 6.687784 27.50951 6.639191 0 0 210.3892 791.0294 0 0 146.9217 822.6404 264.0243 764.0953 254.3202 773.8956 164.028 817.7668 
245.8623 49.68733 165.0551 133.3281 173.8264 127.6964 202.5186 300.575 329.3995 315.0096 142.0168 139.1371 193.9035 271.7729 286.2549 289.0286 173.6888 433.2039 193.9741 438.9413 222.8057 695.5063 216.9219 943.4446 147.8047 430.2755 205.4382 678.2283 7.876643 885.7921 222.7503 32.3501 263.0077 32.33644 167.9128 35.2614 0 0 248.6564 934.9081 0 0 7.918678 891.5771 323.626 946.3795 306.2614 957.8179 193.8402 969.3576 
364.1223 85.84034 293.9764 173.584 276.3108 170.7511 308.5534 317.4109 431.6031 332.0233 317.4305 173.6384 352.5192 346.6846 428.7272 340.7112 317.3356 472.6732 314.3226 475.6068 279.1892 704.2402 217.6289 953.4951 331.9506 475.61 390.7014 680.7993 393.5595 897.7377 340.7954 73.98013 370.0635 76.91325 290.8205 79.91903 0 0 487.3252 906.575 481.4461 900.7184 381.8159 923.9971 317.4207 968.1005 296.8026 976.9235 194.1673 982.7043 
577.0518 147.456 513.7205 240.6347 497.1249 230.6409 517.1071 383.8865 627.0247 417.153 533.6857 247.2163 540.399 440.3697 643.5978 470.4057 527.0029 540.3406 530.3337 543.6207 573.642 783.4078 343.8716 986.5971 523.7528 540.3538 577.071 780.1855 576.9894 1029.993 560.3148 127.4853 593.6981 137.421 503.7353 143.8961 0 0 677.0222 1046.442 673.4988 1029.964 563.6746 1059.866 400.5179 1099.839 380.4755 1096.488 310.5826 980.0316 
729.6795 161.8159 668.8833 268.9426 640.2969 258.1977 636.7484 411.8812 758.1978 465.3313 693.9718 275.9632 697.534 461.7815 786.8685 479.5972 668.891 568.9426 658.3116 568.9032 804.6939 783.3673 693.9907 1051.228 672.595 572.5121 640.4554 829.7875 618.9407 1097.79 701.3279 150.9545 740.3884 154.4178 647.6602 158.0436 0 0 697.6749 1122.768 697.7311 1126.132 604.7269 1129.806 801.1357 1119.114 772.606 1126.151 672.4135 1072.659 
785.2395 175.9942 721.335 276.9689 707.787 270.2571 714.5561 418.4313 849.151 445.1059 744.8721 280.2582 768.4876 418.3134 839.1664 431.7733 738.1818 576.4955 738.1155 576.6348 798.7451 792.076 872.9502 1031.036 741.506 573.2215 664.2273 792.0947 590.0194 1034.344 761.8 162.4883 792.1371 165.7794 711.3397 175.8126 0 0 684.327 1054.607 674.1518 1044.505 573.0544 1061.351 983.912 1034.26 963.712 1041.243 862.7302 1058.048 
905.9719 179.8916 849.8599 274.5075 835.9223 274.5188 860.5239 439.511 997.3374 435.8956 860.535 267.7145 885.0525 425.4319 965.8475 407.8707 881.5894 572.8248 885.1084 572.8696 916.7554 818.346 920.1565 1074.394 874.4939 572.8658 892.053 814.9111 713.2632 993.7908 881.5338 158.8456 912.9644 158.867 825.5342 179.6609 0 0 737.587 1095.567 737.6952 1081.627 685.002 993.7958 1035.915 1102.58 1014.825 1109.508 906.1215 1095.599 
993.1125 174.5979 941.8856 263.4235 918.173 263.531 965.8476 420.2006 1078.497 423.6479 962.5308 260.0845 993.1874 410.0695 1074.964 406.6232 986.3275 560.1135 969.186 563.47 941.9544 785.2166 897.6732 1040.843 999.9802 560.0749 1078.391 774.783 1081.846 1020.349 969.2527 151.064 996.5449 151.0535 914.8564 171.4226 0 0 1180.679 1047.71 1173.854 1034.111 1068.164 1047.587 1003.371 1068.234 972.7891 1075.125 877.2595 1061.375 
1147.42 180.0953 1093.787 294.6898 1054.295 280.465 1061.462 438.0939 1215.382 448.8511 1129.527 298.3427 1140.342 463.1516 1215.567 481.0289 1133.287 592.0779 1104.609 592.1531 1075.712 842.9099 957.5737 1079.528 1165.363 588.6596 1204.769 850.0412 1219.344 1090.135 1125.918 158.6886 1154.596 158.6574 1068.723 183.6243 0 0 1333.913 1125.972 1330.248 1108.135 1208.413 1122.406 1061.521 1129.512 1032.817 1133.141 928.897 1104.37 
1398.732 178.8552 1312.229 324.8679 1248.677 301.1402 1201.425 486.549 1371.153 455.1623 1398.769 352.3936 1465.906 463.003 1473.995 490.5497 1311.937 624.8678 1272.442 624.9153 1355.429 869.711 1185.687 1102.742 1351.574 621.0198 1375.039 897.2703 1347.591 1193.584 1371.27 170.7442 1383.194 170.575 1304.122 194.4282 0 0 1473.844 1244.679 1469.848 1225.141 1331.734 1232.954 1248.936 1233.024 1217.363 1221.215 1154.087 1106.668 
1362.304 162.0864 1296.191 304.7253 1212.041 282.8051 1160.876 454.6981 1325.504 425.3377 1380.361 326.5116 1391.563 502.1636 1373.13 447.276 1289.009 604.6393 1241.272 601.1513 1292.545 860.9307 1347.55 1127.874 1336.503 604.7044 1299.936 868.1153 1245.131 1105.951 1347.478 147.323 1362.068 150.9971 1277.93 165.5254 0 0 1303.589 1153.435 1303.663 1135.243 1226.7 1131.691 1343.785 1182.663 1332.837 1179.22 1358.515 1153.598 
1358.508 137.8527 1286.631 288.9806 1221.618 274.6588 1196.597 465.4738 1337.133 404.1991 1365.782 299.979 1387.419 476.4159 1369.335 411.5051 1311.785 587.9242 1261.392 591.4811 1282.906 847.1479 1333.343 1106.511 1365.654 584.3499 1416.141 822.1726 1283.012 1027.213 1336.857 127.0091 1340.565 126.9595 1279.17 152.1807 0 0 1239.729 1063.34 1261.345 1077.579 1254.155 1038.052 1329.788 1164.218 1308.007 1164.019 1344.272 1120.898 
1329.443 125.6654 1270.458 264.4402 1201.09 261.1127 1194.181 444.9433 1325.992 379.0021 1346.75 264.6028 1385.01 434.4827 1346.748 385.9388 1301.738 562.8051 1253.128 566.3265 1256.616 833.4222 1280.944 1065.867 1353.693 555.8896 1419.574 791.6968 1402.276 1041.569 1312.186 105.0383 1291.295 122.2933 1256.633 125.9269 0 0 1495.977 1093.679 1495.965 1079.668 1378.129 1069.217 1280.911 1121.438 1256.674 1121.206 1291.404 1083.149 
1369.874 121.3832 1311.447 265.7982 1222.073 265.8768 1194.479 448.0991 1328.55 413.711 1411.139 265.7913 1473.002 420.5391 1393.994 427.5147 1332.217 565.0783 1276.933 568.4451 1263.314 826.3967 1273.53 1060.244 1390.604 564.9873 1421.642 823.0156 1449.067 1070.707 1349.351 104.0559 1363.118 103.9935 1283.927 128.1829 0 0 1528.19 1122.314 1531.665 1111.959 1435.309 1098.216 1270.13 1112.08 1246.108 1111.827 1280.502 1077.579 
1443.136 111.0745 1377.636 262.3784 1277.94 258.9776 1222.577 420.7658 1305.354 448.1999 1474.125 265.9408 1532.546 413.8953 1470.596 479.2071 1360.391 561.8823 1295.02 561.8651 1274.282 792.4872 1274.266 1057.49 1419.092 561.8953 1443.182 816.6601 1449.994 1071.3 1418.953 97.16492 1442.962 93.87848 1357.058 121.2594 0 0 1529.006 1122.997 1532.557 1112.637 1436.178 1095.453 1267.497 1112.762 1246.795 1112.446 1281.223 1071.303 
1513.377 117.4601 1446.135 265.7631 1343.623 248.3008 1283.773 386.1611 1262.456 530.9621 1541.779 269.6391 1626.543 414.2993 1594.656 577.0055 1403.876 562.7719 1340.306 555.7125 1315.657 838.4655 1311.89 1089.403 1477.966 573.2899 1488.558 838.3956 1488.701 1099.91 1485.269 96.40472 1513.463 96.41984 1425.072 117.5734 0 0 1566.479 1152.917 1573.439 1142.287 1474.504 1124.684 1251.779 1135.278 1244.794 1117.642 1322.59 1117.735 
1460.069 110.7638 1388.126 244.6304 1295.369 237.8008 1226.773 368.296 1247.383 502.1602 1494.386 254.9142 1573.415 368.1887 1498.035 481.5939 1360.459 543.3519 1298.814 539.9112 1278.114 814.6362 1271.25 1065.309 1422.353 546.8107 1442.919 818.0246 1446.408 1068.716 1435.965 93.66965 1460.155 93.64911 1367.413 117.6392 0 0 1525.303 1123.589 1528.805 1109.958 1432.643 1092.797 1240.353 1116.725 1223.125 1109.839 1281.542 1089.288 
1289.282 114.9135 1286.071 226.0352 1188.17 226.0039 1158.788 379.2498 1162.122 512.9697 1377.462 229.142 1400.367 376.0331 1397.106 506.5284 1286.02 526.0352 1220.95 526.0749 1211.132 774.0258 1207.857 1012.079 1341.691 522.7833 1351.469 783.7698 1374.176 1015.393 1263.45 95.40941 1305.707 92.34492 1237.098 118.314 1325.346 118.1981 1449.155 1064.398 1452.508 1054.556 1361.131 1041.431 1178.529 1061.17 1162.126 1054.547 1217.579 1031.703 
1305.571 118.946 1308.846 233.5544 1214.492 236.8492 1201.084 408.7064 1200.903 550.3954 1406.614 230.2707 1416.704 391.9921 1436.907 540.262 1312.266 533.5349 1251.641 533.5627 1251.519 813.2909 1248.217 1042.653 1379.732 530.2062 1389.975 820.0283 1420.123 1052.618 1281.994 102.0767 1325.698 98.72052 1254.861 125.5344 1349.367 122.1486 1497.589 1099.929 1501.062 1089.78 1406.663 1076.254 1217.866 1099.876 1200.932 1089.83 1255.127 1066.145 
1324.809 121.3919 1331.74 252.4976 1228.343 249.1025 1221.367 424.8211 1210.977 566.3167 1424.833 249.072 1445.46 414.5859 1462.74 559.4099 1335.204 552.4775 1273.034 549.0915 1276.57 835.1562 1276.577 1066.289 1397.285 549.0792 1421.364 835.2666 1452.315 1076.554 1307.395 100.8413 1341.996 97.5466 1279.824 125.1285 1369.645 124.8652 1531.571 1124.909 1535.136 1114.531 1438.587 1104.094 1245.523 1121.52 1228.202 1114.534 1286.879 1090.346 
1328.182 118.153 1328.234 259.4282 1228.109 256.0562 1200.634 421.3625 1214.417 559.4406 1424.739 259.5317 1472.859 421.3499 1449.06 555.9774 1331.534 559.41 1259.264 559.338 1262.767 818.0303 1276.512 1066.223 1393.685 559.427 1424.844 838.6493 1448.982 1076.493 1307.419 97.53123 1345.384 97.39624 1279.882 124.8798 1376.47 121.5652 1528.271 1124.869 1535.017 1114.472 1438.426 1104.078 1245.377 1124.767 1228.118 1114.516 1286.847 1090.276 
1350.844 150.8614 1354.289 293.8945 1249.676 294.0186 1221.761 457.7975 1242.51 573.0216 1462.235 293.9029 1493.684 457.7355 1486.68 586.8654 1354.184 593.8945 1294.755 597.2635 1267.127 827.6674 1294.921 1075.227 1417.047 593.8339 1465.859 844.936 1465.88 1096.049 1326.506 126.6615 1375.147 126.6029 1298.387 150.9244 1406.426 150.883 1549.634 1141.492 1553.025 1127.639 1444.99 1117.079 1260.055 1134.611 1242.553 1127.575 1308.866 1099.525 
1350.411 133.4634 1350.436 283.2643 1245.733 279.8698 1221.335 440.2468 1242.093 569.3198 1458.386 283.2771 1482.771 436.742 1472.414 569.3454 1353.661 583.2469 1291 586.733 1270.005 823.8751 1353.803 1078.323 1416.534 579.6707 1486.341 823.7421 1468.805 1067.871 1326.022 122.7387 1374.666 119.485 1297.888 136.9502 1405.903 133.4139 1577.02 1099.347 1573.509 1085.352 1451.445 1099.302 1242.328 1141.051 1245.792 1130.682 1381.833 1099.389 
1320.872 120.288 1324.096 263.5512 1218.532 263.4249 1208.106 420.4792 1218.461 546.5807 1426.488 266.9668 1436.778 423.6829 1433.408 549.9931 1324.313 563.5511 1266.284 563.6345 1269.651 795.5528 1290.043 1051.309 1388.883 560.2631 1402.719 802.4175 1419.589 1047.893 1297.041 99.83588 1344.577 99.7156 1269.593 123.7024 1375.154 123.5242 1416.252 1102.391 1446.924 1095.633 1406.03 1061.523 1235.375 1116.102 1221.776 1102.572 1300.282 1075.161 
1314.607 124.9322 1331.756 266.4981 1225.068 266.4992 1204.389 428.5814 1214.614 562.9698 1428.398 266.4737 1452.535 428.3081 1448.992 559.3836 1331.884 566.4981 1262.892 569.8054 1228.594 818.1319 1249.03 1062.957 1393.972 569.7744 1414.536 814.6541 1321.489 1062.902 1297.375 111.2486 1335.449 100.9807 1276.546 135.3602 1366.503 124.9744 1445.666 1118.206 1445.509 1114.517 1304.161 1093.881 1159.433 1104.27 1162.899 1090.474 1259.547 1093.871 
1257.129 117.5059 1286.997 257.416 1187.129 257.4869 1163.783 417.3845 1183.899 547.2676 1377.109 254.2828 1397.114 410.8271 1400.244 537.289 1293.693 557.3413 1237.032 557.3682 1237.188 783.9822 1217.235 1030.55 1350.425 557.3501 1347.02 777.2819 1367.093 1023.853 1240.413 97.55724 1277.15 97.44216 1223.828 124.1463 1320.566 117.4881 1373.704 1080.453 1400.33 1073.835 1350.512 1047.153 1263.771 1077.189 1233.696 1080.393 1210.557 1053.822 
1278.911 128.9925 1312.763 274.0601 1221.599 267.2264 1194.482 425.7852 1198.057 560.6312 1413.904 280.6423 1420.586 432.5213 1427.301 560.6251 1309.266 574.0397 1251.757 577.394 1255.496 800.0189 1339.573 1039.498 1373.302 567.3503 1420.675 793.377 1417.044 1036.111 1272.118 118.7097 1305.699 118.7603 1238.487 125.6334 1359.737 129.0571 1501.558 1083.36 1504.807 1066.469 1396.897 1063.132 1255.302 1096.834 1255.248 1090.025 1363.187 1066.364 
1272.164 118.8783 1309.449 257.2409 1214.853 257.0577 1191.213 412.3227 1198.098 540.4653 1413.743 260.555 1417.377 418.9647 1417.118 530.4061 1309.233 557.2408 1251.902 554.0128 1278.961 786.631 1268.796 1046.24 1366.62 554.033 1373.365 793.322 1393.567 1032.758 1258.683 98.61527 1295.775 98.62589 1238.529 125.6376 1346.406 118.965 1397.036 1089.934 1423.984 1079.968 1383.461 1042.938 1316.043 1093.495 1282.376 1093.658 1255.343 1066.512 
1255.102 123.7498 1316.333 263.2922 1214.092 263.2497 1187 423.3696 1204.006 553.0501 1408.436 263.2942 1428.795 420.0307 1425.463 539.4342 1316.436 563.2922 1248.248 563.3077 1241.421 828.9991 1255.018 1053.952 1377.764 563.301 1404.909 794.9835 1350.694 1047.032 1248.329 113.3352 1278.97 109.9755 1251.716 126.9753 1343.69 123.5881 1449.314 1115.41 1452.694 1104.998 1333.478 1070.98 1220.961 1094.897 1210.632 1081.256 1268.712 1077.86 
1293.282 120.1457 1313.702 260.2115 1214.848 263.3853 1187.627 423.6167 1211.351 556.5659 1405.779 260.1696 1409.286 423.6083 1426.172 539.6151 1320.408 560.1365 1262.461 560.1564 1265.959 805.553 1262.599 1051.122 1378.33 560.1024 1375.06 798.7256 1385.273 1047.657 1272.842 99.88322 1320.361 96.54955 1262.445 137.2469 1354.618 123.6585 1392.111 1102.409 1422.748 1102.122 1375.045 1068.127 1289.766 1098.77 1255.709 1098.874 1262.511 1071.585 
1320.37 116.793 1320.395 260.1048 1221.574 260.1218 1197.802 423.7569 1214.706 559.9886 1409.162 260.0883 1426.097 420.3289 1436.443 536.2362 1323.95 560.0837 1266.032 560.1891 1269.421 802.2115 1276.122 1047.761 1381.902 556.7263 1398.91 805.49 1402.463 1047.656 1296.58 96.50003 1340.93 96.44775 1269.225 123.8005 1371.584 123.7964 1405.802 1095.496 1433.113 1081.911 1395.453 1058.011 1293.257 1105.651 1265.897 1102.361 1283.031 1061.403 
1347.368 122.9818 1340.498 276.5602 1242.711 276.4929 1214.982 443.9807 1232.351 576.5545 1438.143 276.4494 1462.697 440.4843 1465.989 572.95 1343.947 576.5403 1274.271 579.9585 1291.704 817.0938 1354.599 1078.858 1406.848 573.1044 1438.304 841.5692 1445.239 1078.963 1323.033 109.0279 1361.481 102.1976 1294.99 143.8715 1389.353 140.4585 1528.894 1120.72 1528.85 1103.284 1434.544 1106.745 1277.674 1141.714 1274.307 1131.128 1382.328 1103.257 
1343.582 129.4091 1350.77 293.7237 1247.079 293.7533 1225.777 468.5255 1232.865 607.8752 1447.148 290.1588 1475.723 454.3623 1471.974 586.6053 1354.076 593.7055 1282.886 593.6895 1307.804 839.9956 1297.133 1107.867 1414.944 593.7004 1429.206 843.514 1457.844 1100.716 1325.539 122.1812 1361.389 115.1302 1293.586 154.2605 1390.059 147.2567 1440.065 1154.443 1472.091 1154.252 1454.304 1122.078 1325.728 1154.286 1293.487 1154.342 1293.607 1129.419 
1313.358 138.5508 1313.54 297.246 1218.187 297.4317 1197.196 463.1921 1200.713 586.7125 1412.29 293.8553 1430.033 463.1821 1447.51 583.087 1317.156 597.2242 1256.917 597.2141 1232.36 861.7435 1253.66 1094.718 1391.106 597.238 1394.615 833.5997 1341.815 1084.244 1285.368 127.9407 1331.108 124.4103 1253.643 166.7007 1352.385 152.6195 1451.002 1144.163 1451.021 1137 1320.622 1112.461 1165.346 1140.689 1165.34 1133.517 1278.221 1119.448 
1399.312 138.2826 1349.074 301.034 1254.958 300.9793 1229.634 474.396 1247.724 604.4191 1457.216 304.4462 1464.55 477.9222 1486.264 618.8203 1359.812 600.8417 1291.152 600.853 1316.331 853.731 1309.219 1114.118 1428.351 600.8189 1435.624 853.9808 1479.072 1114.017 1370.539 127.3593 1402.969 127.2418 1312.904 156.2393 1395.791 149.0859 1475.468 1171.786 1507.995 1168.133 1464.675 1135.738 1341.686 1171.86 1305.602 1171.831 1305.57 1139.253 
1362.365 149.1201 1303.53 293.8191 1203.765 293.9133 1189.812 462.7291 1200.255 590.1656 1393.162 293.8071 1413.776 452.3099 1427.674 566.263 1314.007 593.6361 1255.38 600.5507 1272.531 838.2858 1345.028 1062.495 1376.037 586.7565 1458.726 824.6213 1431.099 1055.492 1338.185 131.8967 1362.241 128.4184 1279.431 155.9182 1331.087 142.1749 1551.731 1090.109 1541.417 1086.398 1413.898 1083.052 1258.794 1124.357 1258.79 1114.146 1369.118 1089.849 
1346.899 128.2083 1291.822 276.2889 1198.759 279.7642 1178.228 448.4604 1195.427 582.6768 1388.304 269.3831 1401.935 427.8307 1419.108 544.8503 1309.052 575.7937 1250.583 579.2597 1281.466 806.4626 1253.987 1071.493 1367.57 568.9429 1384.696 809.8346 1412.195 1057.622 1326.18 121.1921 1340.07 114.5075 1257.479 145.3801 1329.573 142.0131 1415.599 1112.688 1439.784 1102.474 1395.153 1068.141 1329.613 1116.328 1298.732 1123.08 1236.767 1092.244 
1317.099 119.9592 1266.19 259.5532 1177.633 269.6161 1157.38 429.4634 1167.523 555.4001 1364.716 259.2347 1378.434 412.3609 1398.643 531.3821 1289.845 558.6192 1225.386 558.7368 1215.11 803.4579 1232.127 1041.633 1347.812 555.2269 1374.978 793.3467 1334.134 1031.442 1289.946 106.2609 1317 96.31119 1235.452 133.4968 1313.653 140.3127 1422.652 1109.679 1425.877 1099.491 1313.735 1055.313 1211.817 1092.671 1191.265 1079.105 1242.382 1058.7 
1292.038 113.9697 1242.055 253.8572 1155.531 257.1551 1132.21 426.7359 1152.085 549.9014 1338.423 253.7633 1348.466 410.1668 1371.665 539.8716 1261.739 553.2108 1198.68 553.1758 1185.561 786.0677 1188.695 1022.321 1318.469 553.2162 1318.575 782.7341 1281.842 1022.348 1268.643 97.37427 1291.754 93.99275 1212.107 123.9428 1285.101 137.263 1385.086 1078.933 1381.734 1072.156 1258.579 1048.908 1158.835 1075.544 1142.163 1062.315 1208.688 1048.897 
1317.214 117.3104 1260.369 254.0757 1177.085 250.8078 1153.794 424.0418 1160.556 567.2516 1340.464 257.4289 1343.8 410.8389 1366.958 520.8112 1267.186 553.9982 1213.872 550.7465 1236.979 784.0261 1220.46 1027.24 1320.478 550.6968 1320.502 790.619 1320.383 1017.2 1293.852 94.30325 1317.048 94.20023 1237.174 117.5535 1287.006 137.4665 1343.826 1067.194 1370.325 1053.998 1307.063 1040.534 1287.126 1067.107 1257.136 1073.879 1210.37 1053.763 
1313.605 120.6077 1240.612 260.1592 1164.103 253.5757 1144.22 426.2703 1174.063 569.111 1317.207 273.4556 1326.971 432.8279 1343.779 542.6319 1263.872 559.2561 1213.946 565.8174 1260.552 775.303 1277.211 1021.107 1313.818 552.5448 1340.294 782.0338 1333.652 997.9473 1290.331 113.7553 1307.035 107.2804 1233.794 130.4217 1283.703 137.1137 1423.328 1044.518 1420.142 1027.832 1316.948 1024.613 1267.233 1074.467 1250.509 1071.054 1287.039 1041.145 
1319.529 120.0209 1265.053 266.585 1169.64 266.6021 1152.523 433.6023 1155.988 569.8976 1353.615 266.6439 1373.875 423.3356 1377.611 539.2826 1271.848 566.508 1213.871 566.5206 1241.016 808.4374 1241.245 1057.147 1333.106 563.1378 1346.736 801.6502 1339.92 1043.539 1292.392 99.76043 1319.393 96.44462 1237.727 123.7279 1315.998 140.5632 1346.721 1101.263 1373.934 1087.859 1322.892 1053.856 1295.603 1101.404 1265.008 1104.851 1237.614 1077.731 
1262.417 123.4618 1245.465 263.4088 1156.654 263.4268 1132.876 427.0241 1132.93 563.5357 1347.659 263.4988 1357.928 423.701 1374.801 560.0579 1245.502 563.4088 1187.257 563.4681 1187.484 805.6356 1211.238 1044.238 1316.945 560.1446 1320.41 808.9488 1299.947 1051.108 1238.464 106.6377 1272.672 103.1739 1197.636 133.8345 1296.363 126.9659 1395.416 1105.572 1398.705 1098.629 1282.907 1078.394 1126.005 1088.534 1126.026 1078.217 1228.382 1074.804 
1273.221 126.2828 1269.872 276.3517 1175.579 279.7826 1158.211 450.5985 1172.1 593.5066 1374.36 272.8693 1388.256 433.1766 1405.538 565.6488 1280.295 576.1706 1214.126 582.9982 1238.452 823.5494 1262.859 1067.615 1349.895 576.0602 1363.937 823.4949 1384.807 1067.546 1252.336 115.9011 1294.224 112.4027 1217.562 143.8012 1322.02 136.8798 1402.217 1123.297 1430.032 1109.472 1374.348 1078.13 1273.255 1130.382 1245.336 1127 1269.895 1078.019 
1283.664 155.838 1283.514 307.4359 1181.463 307.4789 1170.724 480.1576 1177.899 621.1465 1382.29 304.0301 1413.91 466.0489 1420.88 585.8914 1297.721 607.0994 1227.351 614.1213 1248.33 843.1498 1347.091 1096.816 1364.791 603.5026 1449.159 857.3066 1424.619 1079.143 1262.553 138.3712 1308.316 141.8572 1230.837 163.0125 1336.484 173.5775 1537.249 1110.941 1533.727 1096.823 1413.91 1110.808 1241.327 1146.162 1248.312 1139.221 1371.764 1118.012 
1221.309 143.7653 1259.553 290.1826 1158.505 290.3602 1151.531 461.0391 1151.396 607.6317 1353.668 286.7184 1381.474 450.5886 1378.119 583.1914 1266.562 590.1007 1207.213 593.5464 1228.214 827.1625 1214.228 1095.595 1325.884 586.6223 1332.782 823.7991 1367.693 1064.271 1210.749 126.2695 1245.615 122.8675 1186.457 143.8679 1294.518 136.8866 1346.747 1120.17 1378.209 1113.188 1374.632 1074.951 1270.111 1130.623 1242.073 1134.173 1203.724 1113.149 
1157.408 147.5558 1208.544 284.1811 1109.611 287.5063 1102.868 451.2148 1096.052 587.7692 1297.368 284.0492 1324.742 447.813 1324.595 584.3214 1211.983 584.1614 1147.223 584.1812 1109.635 812.8264 1157.374 1051.634 1270.209 584.2235 1287.076 816.3221 1235.956 1038.033 1143.834 127.2143 1181.308 123.8614 1160.954 140.7755 1235.829 144.0559 1328.028 1102.793 1324.577 1082.477 1212.123 1065.292 1044.866 1092.629 1048.354 1082.33 1174.553 1075.656 
1218.77 143.7142 1261.58 290.2411 1157.996 290.1066 1143.684 454.4298 1150.856 600.86 1357.968 290.2292 1382.981 450.854 1382.969 583.1179 1265.052 590.2211 1193.765 593.7205 1207.916 843.7808 1183.191 1097.228 1325.982 590.1837 1329.383 836.5231 1383.06 1093.75 1211.681 125.9318 1243.804 125.9173 1215.283 147.3633 1297.473 147.31 1379.462 1150.949 1411.479 1140.205 1382.926 1104.531 1211.556 1150.822 1182.95 1147.329 1183.125 1104.583 
1173.546 127.0086 1197.5 266.7502 1102.119 263.4697 1084.987 423.7112 1095.148 563.4404 1293.057 270.1374 1316.663 423.746 1320.271 556.5961 1200.921 566.7307 1136.048 570.1531 1132.728 801.8538 1173.607 1030.46 1265.713 563.426 1316.676 788.423 1330.421 1040.631 1159.853 116.8057 1194.055 116.7232 1149.772 137.2318 1241.793 130.4172 1429.206 1050.979 1425.781 1047.323 1320.183 1074.663 1156.511 1101.864 1132.617 1091.784 1187.379 1047.43 
1197.047 131.8629 1224.496 283.5266 1121.362 273.2847 1110.892 435.2202 1114.276 583.4288 1311.033 286.9297 1328.136 435.2781 1334.865 562.7637 1224.642 583.5266 1166.111 586.8954 1200.464 800.6875 1169.595 1059.238 1283.199 583.439 1307.237 814.5728 1335.167 1042.003 1179.919 121.4241 1221.203 121.4934 1169.38 145.6358 1262.627 145.5775 1334.958 1093.817 1362.581 1090.277 1334.879 1059.21 1169.481 1114.421 1142.072 1110.834 1173.1 1069.609 
1163.783 133.8231 1204.543 280.5459 1105.71 280.535 1088.705 444.0923 1092.028 567.0095 1296.61 280.5037 1320.391 437.4085 1317.141 563.4893 1201.2 580.5273 1133.187 580.6105 1146.684 805.7145 1109.165 1054.568 1265.987 577.1423 1269.592 805.5092 1300.08 1030.669 1156.982 120.2289 1187.666 120.2208 1156.722 144.0594 1238.797 140.713 1300.098 1095.555 1327.438 1085.288 1296.632 1047.776 1139.86 1095.552 1109.136 1098.814 1102.367 1075.118 
