1258.947 406.0236 1293.198 500.9172 1198.495 508.5647 1198.261 663.9285 1205.988 785.2186 1391.63 496.977 1463.56 622.3416 1569.761 698.0768 1311.984 800.3284 1251.359 800.2823 1167.936 989.9729 1114.974 1202.124 1372.669 800.3709 1384.193 1016.532 1380.339 1220.954 1236.195 379.7982 1281.604 375.8582 1224.744 383.4604 1316.009 368.3518 1433.219 1251.341 1437.025 1232.563 1372.68 1232.433 1111.212 1255.133 1088.485 1247.532 1122.508 1221.003 
1239.651 422.4295 1254.792 502.4421 1159.83 506.149 1144.595 661.9937 1193.835 802.561 1349.609 502.2942 1349.809 658.2207 1345.905 802.598 1258.667 802.4171 1201.483 802.407 1163.568 1000.236 1133.054 1205.357 1319.271 802.399 1357.564 1015.4 1384.037 1213.042 1228.122 403.5062 1262.317 407.0885 1197.975 380.8754 1292.932 384.5273 1433.35 1251.06 1440.831 1235.776 1376.446 1232.008 1118.006 1254.788 1099.006 1239.677 1136.899 1228.067 
1363.678 500.4193 1295.767 544.2714 1203.799 532.2963 1171.837 704.1407 1203.714 860.0046 1387.631 556.0933 1415.469 716.1505 1427.478 863.9183 1283.595 844.0244 1223.563 843.8498 1163.534 1055.787 1127.756 1267.604 1343.527 844.1084 1391.59 1067.627 1427.63 1271.685 1359.696 476.2747 1391.357 492.3957 1323.534 432.4768 1411.413 460.1222 1515.337 1319.52 1511.383 1299.568 1419.361 1295.737 1127.791 1319.582 1099.926 1307.679 1131.654 1287.54 
1352.437 543.9454 1283.208 572.5175 1193.256 564.3618 1156.383 727.5633 1156.714 866.709 1368.935 584.8123 1356.874 764.3165 1397.526 903.4544 1250.378 870.7159 1189.116 866.673 1156.429 1095.377 1099.497 1299.516 1307.607 874.7294 1360.811 1091.085 1413.877 1311.732 1336.287 523.5397 1368.834 535.6511 1291.426 478.6057 1442.315 470.1964 1454.833 1348.39 1462.868 1327.983 1397.421 1328.215 1160.477 1336.245 1128.088 1344.398 1091.181 1319.828 
1431.398 582.0045 1336.512 586.2794 1254.091 573.6578 1184.008 738.8184 1196.26 895.5068 1419.022 610.9969 1431.625 775.7881 1468.777 928.3625 1270.651 878.9607 1208.737 874.7999 1167.628 1101.647 1113.94 1307.763 1332.588 887.189 1382.019 1101.45 1427.366 1320.178 1431.382 557.3152 1447.936 573.827 1382.011 507.7946 1456.098 474.6896 1468.573 1361.245 1476.762 1340.693 1406.859 1340.84 1167.377 1344.889 1134.603 1349.071 1101.7 1328.346 
1523.641 616.8127 1426.87 630.0622 1347.381 608.1671 1316.785 806.2618 1395.973 942.6901 1519.245 652.3122 1497.109 828.179 1501.563 999.6149 1352.119 920.6001 1285.776 920.5474 1246.135 1171.446 1211.101 1400.33 1422.253 924.9731 1466.497 1167.15 1523.479 1409.222 1523.471 586.0867 1536.905 608.092 1466.548 537.7231 1554.296 506.7024 1567.6 1453.12 1576.366 1431.162 1501.585 1431.248 1241.975 1448.832 1211.153 1448.826 1206.74 1422.234 
1491.819 595.2702 1406.802 599.7363 1309.337 591.046 1270.859 786.6003 1309.268 931.0376 1483.412 625.0045 1508.955 795.0706 1568.373 935.5134 1343.09 892.8929 1275.221 888.6229 1245.557 1118.013 1164.703 1338.789 1406.944 897.0654 1445.306 1130.629 1474.598 1364.432 1483.496 561.6938 1513.045 578.5187 1440.98 514.7944 1500.23 489.0767 1513.188 1402.479 1521.535 1381.304 1449.489 1385.587 1202.791 1398.415 1169.039 1394.097 1143.503 1343.303 
1530.212 607.5193 1435.01 620.2999 1339.597 607.1508 1309.133 797.992 1356.817 949.4806 1530.05 641.8073 1512.906 811.0599 1525.833 966.9985 1378.588 914.9464 1309.239 910.5685 1300.568 1131.484 1191.968 1352.596 1443.523 919.1682 1486.838 1148.864 1503.987 1391.402 1521.524 585.5919 1543.39 598.6996 1473.696 533.6484 1530.05 498.7981 1543.134 1430.413 1551.812 1408.839 1482.464 1408.864 1222.465 1426.13 1192.066 1413.14 1166.223 1365.419 
1563.932 619.0245 1462.64 641.0048 1365.357 619.1077 1321.344 813.3348 1321.34 967.8893 1559.59 654.2733 1563.961 830.854 1568.675 989.9319 1414.017 937.0383 1352.204 932.692 1294.849 1149.107 1188.786 1369.877 1475.721 941.3655 1524.273 1175.456 1533.049 1418.266 1550.936 588.2885 1577.345 605.7646 1498.038 544.0132 1559.58 508.4249 1572.859 1453.748 1577.482 1435.96 1511.15 1435.982 1237.26 1444.84 1206.296 1436.166 1179.652 1383.025 
1543.102 609.9442 1451.141 631.6563 1354.718 614.1351 1332.679 815.6499 1350.38 960.3415 1542.987 649.0356 1534.35 824.3583 1551.793 982.225 1389.632 925.283 1315.389 920.8148 1245.315 1144.313 1196.932 1380.93 1455.581 929.7003 1516.666 1161.874 1521.036 1407.159 1534.217 579.3351 1560.544 596.6564 1486.094 539.5364 1547.293 504.4193 1560.506 1446.467 1569.313 1424.737 1499.286 1424.769 1227.506 1442.236 1196.924 1437.816 1183.733 1389.615 
1526.711 601.6754 1431.695 623.2365 1336.647 605.9551 1297.791 804.761 1327.78 951.8894 1518.059 640.3862 1522.325 809.1216 1535.535 964.7247 1371.205 917.0749 1306.211 912.8212 1249.943 1142.002 1189.433 1371.18 1436.119 917.2122 1492.06 1150.504 1500.615 1388.278 1517.999 571.4957 1539.786 584.3599 1466.229 532.2709 1526.589 497.6696 1539.753 1423.008 1548.322 1405.571 1479.142 1405.714 1206.846 1431.465 1180.791 1427.224 1185.064 1392.612 
1555.411 614.0127 1450.34 644.2183 1362.662 613.934 1318.742 815.1248 1345.11 964.1532 1537.763 657.55 1529.052 828.3716 1550.822 986.0121 1388.984 937.8769 1323.281 933.5318 1305.497 1174.372 1204.962 1384.527 1454.591 942.2112 1511.487 1169.796 1520.086 1406.3 1555.366 591.935 1572.781 609.2429 1502.816 539.3183 1546.424 504.1359 1559.711 1441.462 1568.403 1419.775 1498.331 1423.932 1218.197 1441.39 1191.808 1428.385 1196.115 1397.7 
1555.06 616.2161 1454.39 638.1182 1371.392 612.1349 1323.524 812.7843 1345.266 961.2517 1550.256 651.2217 1550.47 821.5828 1563.483 978.6657 1410.576 934.9015 1345.162 930.681 1310.519 1166.399 1183.776 1375.872 1467.485 935.0084 1515.539 1161.929 1515.47 1397.59 1554.929 590.1322 1585.292 603.0411 1511.042 537.7294 1541.619 502.5695 1550.591 1436.961 1559.357 1419.436 1493.759 1415.268 1218.618 1441.321 1192.418 1432.659 1166.334 1380.312 
1535.07 608.464 1431.729 634.1548 1349.763 608.3983 1306.645 802.3633 1323.821 953.3796 1526.327 647.2521 1526.549 819.6433 1539.568 966.2044 1392.925 931.6346 1328.279 927.3456 1315.28 1155.722 1177.354 1353.957 1457.461 935.9719 1496.493 1151.337 1496.257 1384.202 1535.012 586.8654 1556.769 599.707 1487.687 530.9902 1522.089 496.2028 1535.19 1422.892 1543.765 1401.493 1474.812 1401.5 1199.021 1427.269 1173.076 1418.733 1155.672 1358.209 
1595.86 629.8995 1492.287 656.7863 1407 629.9888 1357.721 836.333 1379.812 989.358 1582.26 670.2883 1591.219 849.8936 1600.417 1011.725 1447.329 953.3985 1375.589 953.1664 1344.173 1182.391 1213.934 1411.405 1505.95 957.7886 1559.712 1200.154 1559.697 1438.466 1595.801 602.9211 1613.708 625.0487 1546.264 553.3318 1586.628 517.2424 1600.278 1478.9 1609.294 1456.684 1537.374 1460.904 1245.329 1487.669 1213.866 1474.475 1200.396 1415.837 
1619.408 637.5892 1510.478 669.0411 1428.381 641.9202 1378.512 846.5765 1392.174 1005.652 1610.272 682.8052 1610.387 860.1296 1623.95 1023.769 1460.365 964.8259 1392.067 960.2561 1319.244 1187.685 1223.866 1419.426 1524.001 969.3383 1578.599 1214.566 1578.453 1455.709 1619.344 614.5904 1642.174 632.5848 1569.439 560.0082 1605.727 523.469 1619.502 1496.785 1628.583 1478.493 1555.829 1474.181 1255.825 1501.345 1223.84 1496.609 1214.704 1428.475 
1582.992 624.8405 1475.984 655.7195 1382.378 629.1558 1351.047 829.6809 1373.261 981.3535 1560.599 664.961 1573.943 851.9847 1582.977 1016.693 1417.919 950.0466 1346.716 945.6671 1284.227 1190.731 1221.921 1404.49 1484.75 954.4194 1547.215 1186.188 1547.145 1426.926 1582.926 602.3709 1596.294 620.0854 1529.407 548.867 1573.85 513.0768 1583.006 1467.04 1591.948 1449.159 1529.313 1449.1 1230.665 1475.945 1195.309 1466.986 1213.023 1404.753 
1488.755 587.7302 1388.373 616.9311 1296.2 591.8558 1258.491 780.4305 1266.755 923.2374 1467.953 633.7772 1484.619 805.6144 1493.366 948.1987 1350.686 914.5546 1287.808 910.3888 1228.998 1128.5 1145.161 1325.545 1409.257 914.6791 1455.475 1124.112 1455.321 1342.249 1488.734 562.5416 1497.38 583.3505 1430.429 516.3033 1480.5 482.6448 1493.074 1384.022 1497.508 1363.214 1434.475 1359.221 1153.779 1388.208 1124.431 1375.868 1128.515 1333.895 
1470.735 576.2491 1371.355 605.2887 1280.387 580.6005 1247.059 766.7704 1251.29 911.8537 1449.958 617.6426 1466.538 791.5488 1483.117 936.5757 1338.189 903.4498 1276.065 903.3612 1243.029 1126.993 1139.545 1309.173 1396.24 907.4021 1437.777 1106.357 1437.529 1325.789 1470.626 547.3699 1483.199 563.8289 1412.904 505.7793 1462.333 476.7224 1470.86 1363.067 1483.104 1346.454 1416.965 1346.449 1143.443 1371.245 1110.653 1354.744 1131.192 1313.443 
1491.238 579.9861 1390.369 613.6972 1294.068 588.6752 1260.313 769.1213 1264.432 920.0568 1466.169 622.3246 1487.005 798.4303 1499.773 949.5698 1356.961 911.8314 1294.038 911.7508 1268.655 1130.222 1155.235 1323.168 1419.734 911.8168 1457.771 1121.691 1457.572 1348.437 1491.161 550.6734 1508.068 559.0849 1432.561 504.5243 1482.735 483.3732 1495.384 1382.109 1503.82 1365.276 1436.655 1365.315 1155.457 1390.431 1126.118 1377.798 1138.556 1327.377 
1493.509 581.002 1392.672 614.5958 1300.256 593.6165 1262.416 774.4838 1258.213 921.7337 1472.602 623.1169 1493.33 791.3984 1501.997 951.0066 1363.21 913.1456 1304.371 904.8656 1287.472 1127.572 1152.807 1312.669 1426.167 913.2131 1459.923 1127.548 1459.779 1346.367 1493.514 551.5834 1510.444 560.1279 1434.847 501.1372 1485.031 484.1219 1497.594 1384.264 1502.101 1367.334 1438.867 1363.391 1157.214 1392.651 1127.857 1380.028 1127.744 1312.722 
1509.985 583.0978 1416.251 617.1224 1327.056 595.9732 1284.536 774.4406 1276.052 931.5682 1509.958 629.9219 1509.95 804.182 1526.866 961.2798 1378.051 914.6804 1314.346 906.2321 1237.867 1118.741 1169.654 1339.674 1441.852 923.181 1475.693 1135.873 1475.669 1361.081 1509.923 557.3768 1531.115 562.0693 1458.744 502.4059 1501.221 489.3999 1509.888 1399.353 1518.418 1382.268 1454.555 1382.267 1165.424 1403.55 1135.767 1386.503 1169.559 1344.045 
1466.8 551.5972 1375.994 584.7706 1280.65 576.454 1243.518 742.1783 1247.386 882.9297 1471.247 609.3901 1475.114 770.9647 1479.505 916.1562 1342.704 882.9179 1280.488 878.7762 1206 1102.444 1135.64 1309.619 1404.967 887.0807 1437.979 1106.456 1437.837 1330.223 1462.721 522.7011 1475.44 543.3777 1408.937 481.0898 1462.704 476.8434 1475.199 1363.43 1483.469 1346.789 1417.258 1346.873 1135.554 1367.415 1106.63 1350.952 1135.535 1326.104 
1280.787 495.0594 1228.951 551.0668 1133.098 554.8038 1129.197 714.4554 1169.168 846.3302 1324.513 550.9792 1352.579 710.4221 1356.574 846.171 1252.802 850.1171 1192.864 850.1433 1137.195 1061.459 1093.249 1260.976 1308.775 846.2253 1356.754 1049.57 1384.358 1276.855 1264.774 467.2434 1292.888 479.2709 1224.735 431.4633 1408.311 459.1112 1420.253 1316.538 1424.493 1296.738 1364.585 1296.755 1089.407 1316.594 1065.341 1300.775 1093.286 1280.798 
1218.433 503.5869 1201.775 578.3091 1098.028 582.6196 1056.517 744.7775 1052.302 886.028 1301.544 561.8557 1384.793 703.1071 1463.733 819.4817 1222.651 877.5819 1164.414 881.7993 1147.82 1110.423 1118.677 1334.816 1285.069 869.3734 1355.734 1081.298 1480.385 1247.677 1205.896 478.6993 1243.339 478.7852 1156.145 461.9995 1251.756 470.3276 1497.001 1351.57 1517.891 1343.198 1501.074 1251.756 1081.41 1376.413 1072.966 1355.755 1135.32 1347.389 
1216.166 487.791 1216.086 579.1154 1116.207 579.4605 1099.55 733.282 1120.6 849.9908 1316.031 570.9125 1345.063 720.7811 1345.216 878.9578 1212.07 879.0885 1149.538 879.1049 1112.004 1112.02 1112.292 1332.651 1274.495 879.0269 1349.523 1078.758 1403.48 1316.224 1199.54 471.0751 1241.16 475.13 1166.244 454.3699 1270.222 454.4518 1486.882 1357.721 1486.744 1345.291 1382.61 1349.337 1074.627 1378.612 1062.095 1361.895 1124.625 1345.316 
1181.163 472.8391 1193.256 544.9988 1097.119 540.8892 1069.248 688.941 1173.384 773.0772 1289.144 548.9036 1329.186 704.9706 1361.542 849.1155 1197.066 844.9746 1137.086 844.9617 1105.061 1049.114 1041.354 1261.397 1253.167 844.9583 1257.306 1065.124 1325.392 1261.249 1165.207 452.9206 1201.158 456.8965 1133.378 429.0544 1233.206 433.091 1289.357 1317.266 1321.339 1313.234 1341.292 1273.293 1041.333 1317.299 1013.287 1301.379 1045.203 1273.287 
1101.157 457.8176 1101.2 535.3616 1011.989 539.3632 1008.021 694.0251 1050.694 818.0258 1194.004 519.7963 1232.688 659.3678 1290.929 724.9754 1158.93 829.7546 1097.077 837.5024 1062.312 1038.995 1027.325 1240.46 1217.294 822.0237 1287.177 1011.831 1317.802 1224.96 1093.141 442.2972 1127.955 442.3749 1066.008 423.0612 1159.027 426.8071 1383.909 1256.068 1383.939 1248.256 1302.515 1252.088 1004.156 1283.048 980.947 1267.605 1034.95 1255.87 
1088.883 422.1119 1107.941 514.1536 1019.853 533.1992 969.9278 682.5688 970.0855 820.535 1199.8 502.5895 1238.183 636.7516 1311.015 724.9044 1081.113 812.9517 1023.505 812.9813 996.9076 1027.451 1004.571 1215.248 1142.34 812.9031 1180.876 1019.669 1268.834 1211.328 1080.978 406.8149 1115.588 406.843 1058.07 410.5069 1153.883 406.8549 1264.872 1261.214 1284.244 1249.728 1272.758 1222.885 992.8218 1268.844 966.2732 1257.367 1023.653 1234.282 
1162.606 425.9566 1174.224 498.1091 1086.783 502.0069 1048.802 653.8052 1041.14 798.1514 1265.24 482.954 1322.219 623.573 1413.287 661.4392 1170.357 798.0842 1109.748 798.0378 1056.317 991.8268 1056.32 1204.557 1230.913 798.093 1231.204 1006.929 1280.34 1200.614 1140.119 406.8564 1177.848 406.9681 1113.384 399.4625 1227.32 403.2426 1257.656 1250.028 1287.98 1242.484 1284.287 1208.26 980.3234 1257.509 984.1064 1238.71 1079.054 1227.373 
1308.836 436.971 1333.194 521.5883 1240.241 525.4554 1175.505 658.9897 1102.966 796.2606 1426.091 509.5487 1470.361 658.8582 1539.266 763.972 1305.003 820.2608 1244.181 808.2313 1195.853 1014.162 1115.258 965.6856 1369.425 824.3995 1353.356 1074.72 1313.122 1300.844 1300.743 412.5611 1337.135 428.7119 1276.703 400.4414 1373.671 428.5742 1389.769 1337.227 1389.687 1329.055 1300.786 1317.055 1078.894 1010.162 1078.645 989.9213 1115.174 941.4648 
1233.507 416.5572 1229.717 491.6958 1139.806 491.5354 1091.08 615.3018 975.11 645.3646 1316.014 495.202 1357.141 641.5714 1454.823 645.3738 1215.015 791.3354 1158.525 791.3154 1117.275 986.2735 1064.879 1207.206 1274.966 791.424 1271.174 1001.132 1226.052 1207.188 1214.979 397.7569 1248.682 401.7113 1196.108 375.3138 1285.968 401.661 1278.654 1241.027 1285.97 1229.801 1207.378 1218.691 975.0193 1199.809 982.5003 1188.598 1076.185 1233.541 
1144.226 417.6525 1216.876 497.7476 1132.764 497.8196 1144.184 627.9604 1075.344 574.2709 1304.795 494.0012 1362.349 639.3763 1446.339 769.4186 1247.394 796.1913 1190.092 803.7053 1178.663 995.2069 1178.813 1209.392 1304.903 788.5699 1396.661 964.6382 1323.989 1174.661 1121.338 409.7129 1155.69 398.336 1170.945 383.0858 1209.086 379.4119 1304.858 1258.86 1331.732 1247.517 1301.012 1174.898 1174.695 1270.452 1147.917 1266.453 1197.769 1228.386 
1119.895 407.3603 1179.897 489.4625 1090.374 493.0912 1116.133 616.3436 1060.206 534.2693 1269.322 485.7699 1325.416 623.7572 1384.997 743.2435 1209.582 787.9901 1149.809 791.6387 1093.904 996.8439 1142.379 1205.889 1269.387 784.2675 1377.441 952.1765 1295.437 1149.924 1101.391 396.1967 1134.953 384.94 1142.423 373.7546 1179.84 373.6494 1295.502 1228.294 1317.864 1213.483 1269.321 1153.731 1064.09 1239.571 1064.166 1232.065 1153.773 1220.838 
1184.678 426.3235 1250.661 507.6 1157.865 530.815 1157.591 666.3486 1076.494 577.3554 1343.365 480.6524 1397.603 604.21 1440.217 693.5168 1285.327 805.5904 1223.595 805.5449 1161.665 987.4822 1134.636 1223.539 1343.531 805.6191 1339.586 1033.853 1312.377 1235.162 1161.58 414.5785 1192.648 403.142 1184.794 387.6167 1250.612 383.9447 1339.581 1277.678 1347.499 1266.055 1289.263 1254.488 1138.481 1289.376 1119.01 1285.334 1142.218 1235.169 
1135.505 414.4645 1200.334 501.5607 1112.847 501.825 1086.209 642.069 1018.042 573.7935 1291.193 497.7849 1355.777 619.1708 1408.776 718.0513 1203.861 801.54 1150.803 801.4634 1052.193 979.9821 1048.27 1200.213 1260.727 801.6304 1276.114 1006.523 1374.706 1165.933 1112.983 402.9379 1147.039 395.4554 1162.158 380.2113 1200.254 380.3642 1325.366 1253.154 1355.735 1245.648 1389.896 1169.664 957.1705 1226.705 961.056 1219.066 1067.35 1226.769 
1048.724 445.9028 1115.801 532.5759 1024.878 552.2167 1020.931 709.7119 1025.176 855.5869 1210.228 516.74 1269.175 650.8807 1210.34 749.2329 1135.406 831.9346 1080.14 835.8411 1056.708 1056.402 1111.731 1265.361 1194.485 828.0294 1218.101 1040.713 1214.24 1269.368 1025.245 426.1457 1056.611 422.0675 1206.238 394.6322 1115.67 394.7076 1277.201 1304.929 1281.08 1293.002 1202.301 1289.021 1028.957 1304.661 1032.877 1289.013 1123.679 1281.186 
1045.052 557.1299 1147.818 604.2452 1062.217 638.6179 1083.554 805.5931 1015.251 908.3141 1242.018 570.0198 1314.857 732.6971 1306.139 903.6448 1220.731 895.2499 1164.987 903.7575 1147.918 1139.084 1203.511 1366.113 1288.97 886.6747 1280.402 1139.197 1242.024 1366.047 1027.929 531.7086 1049.521 527.1334 1310.424 428.7179 1109.286 484.3713 1306.11 1413.219 1306.225 1391.916 1233.333 1387.454 1126.391 1413.237 1126.406 1396.06 1216.278 1391.736 
1157.593 532.7244 1178.703 591.832 1094.032 587.5941 1064.838 756.4864 1056.253 899.9389 1267.376 596.1765 1237.923 790.0781 1161.544 925.3224 1191.371 891.5644 1132.201 891.5258 1132.286 1119.483 1191.312 1343.373 1242.038 891.6031 1258.713 1119.423 1343.247 1355.958 1149.031 511.5153 1182.816 524.1035 1132.141 481.9597 1229.181 515.7511 1263.201 1389.794 1288.46 1397.987 1368.587 1372.881 1106.825 1393.88 1106.924 1372.982 1208.185 1368.475 
1212.407 474.3392 1184.8 529.4651 1109.594 517.4828 1062.382 647.8786 1018.93 742.6111 1275.388 549.3418 1279.216 726.7772 1176.849 809.7368 1180.666 829.4366 1117.653 821.5881 1082.049 1050.548 1117.453 1267.597 1243.708 833.2684 1287.29 1026.829 1247.74 1243.903 1212.08 450.4943 1243.704 458.6882 1180.687 411.1723 1259.712 458.3733 1216.43 1311.09 1251.712 1310.873 1243.855 1247.981 1026.903 1303.099 1030.792 1283.468 1129.509 1287.301 
1491.277 572.1109 1422.642 597.9074 1323.526 572.0103 1280.552 760.9902 1284.865 911.3692 1525.344 627.6809 1516.842 808.0932 1572.773 950.0737 1375.272 894.144 1315.015 881.3412 1250.778 1113.03 1138.893 1319.398 1435.427 906.8591 1443.872 1143.218 1439.662 1387.94 1491.208 541.8707 1525.441 567.5816 1456.925 494.6056 1461.339 499.1642 1461.039 1422.623 1486.755 1422.224 1426.692 1400.952 1156.189 1413.876 1126.145 1396.715 1117.493 1323.55 
1466.622 555.0484 1424.48 588.6711 1323.518 567.6594 1290.246 752.3612 1260.839 903.72 1525.363 613.8859 1529.737 790.3155 1508.58 954.0428 1390.952 886.7918 1327.761 874.2985 1327.829 1096.908 1319.542 1336.363 1457.909 891.1655 1424.527 1122.134 1407.634 1357.415 1462.47 521.5619 1496.107 550.6796 1428.802 475.2883 1529.716 542.4348 1453.937 1399.216 1462.196 1390.87 1390.984 1374.173 1260.887 1407.673 1256.349 1390.92 1327.959 1357.401 
1426.552 520.3835 1376.718 578.6481 1276.708 561.9499 1210.256 723.9686 1135.557 882.0418 1480.545 587.0079 1505.455 773.9286 1509.678 902.8134 1355.86 877.9222 1281.081 877.7247 1185.554 1077.298 1247.682 1314.495 1430.786 881.9272 1518.068 1077.255 1422.404 1285.229 1414.282 487.2396 1451.555 512.0386 1376.818 449.6539 1514.09 536.894 1430.744 1384.997 1451.612 1376.761 1397.405 1285.247 1276.888 1385.034 1247.708 1381.036 1252.078 1330.902 
1244.188 456.9731 1175.805 506.5261 1080.765 502.5721 1080.634 654.8129 1114.933 776.6241 1270.851 525.4244 1297.581 681.4621 1316.364 822.0966 1221.262 803.0622 1167.949 806.7992 1171.881 1019.716 1152.965 1225.101 1267.024 799.2778 1327.843 1012.071 1381.141 1213.701 1236.521 426.6332 1263.286 441.6538 1194.684 392.3151 1385.089 491.1502 1449.63 1232.703 1449.481 1225.162 1373.514 1240.417 1172.089 1263.281 1145.369 1263.169 1149.086 1232.699 
1387.691 510.7639 1289.815 571.824 1191.941 567.6306 1159.047 734.9079 1150.972 885.8608 1387.86 576.0049 1399.893 739.0531 1355.033 861.3928 1253.136 869.5734 1191.884 865.5795 1151.122 1085.761 1216.243 1318.145 1314.282 873.6772 1294.011 1057.238 1354.939 1236.819 1383.565 486.1615 1408.01 498.4256 1322.37 449.4362 1485.797 526.8613 1379.518 1342.854 1395.857 1322.495 1355.024 1244.867 1130.795 1355.165 1134.704 1350.747 1232.614 1326.605 
1320.697 484.6168 1262.46 546.3931 1173.529 569.5347 1138.719 716.7385 1119.198 852.2418 1355.321 534.6823 1378.493 670.2763 1336.065 798.0497 1227.795 844.3837 1173.401 836.6887 1076.726 1034.118 1003.188 1239.222 1289.553 848.1935 1289.738 1049.57 1281.906 1227.724 1312.808 468.8949 1343.658 472.9108 1254.842 445.6815 1409.771 499.9026 1316.558 1274.106 1324.44 1258.56 1266.306 1250.763 983.8066 1281.96 968.2896 1273.999 1006.984 1254.719 
1231.229 495.9164 1279.15 568.0344 1199.154 588.0574 1187.189 723.796 1155.272 847.6412 1355.247 556.0938 1387.119 715.8975 1410.923 855.7569 1263.209 867.6106 1203.373 863.6298 1123.356 1067.295 1019.562 1279.188 1323.027 871.5699 1295.046 1087.452 1323.226 1271.203 1219.183 472.0722 1255.142 468.2015 1195.333 460.1812 1295.086 456.2078 1355.082 1319.036 1367.093 1299.193 1315.115 1295.066 947.5673 1287.096 947.5125 1267.292 1031.509 1303.177 
1297.449 518.6396 1335.486 615.363 1242.743 619.6508 1230.115 771.1788 1226.154 905.9901 1432.371 598.5797 1495.238 733.2823 1550.09 842.8624 1360.6 914.31 1297.398 906.0143 1242.841 1074.379 1162.79 1310.229 1423.712 918.5222 1394.499 1133.321 1398.541 1343.921 1280.693 489.3344 1322.853 489.2945 1259.645 480.7967 1364.959 484.768 1432.163 1386.005 1449.137 1369.182 1385.995 1364.909 1133.482 1398.709 1120.567 1390.063 1167.008 1326.931 
1121.779 468.7061 1188.546 547.285 1113.687 574.8065 1109.72 724.425 1082.199 846.3916 1271.144 516.0664 1314.407 673.1599 1208.28 759.7547 1212.245 846.3474 1153.271 850.2106 1086.17 1050.87 1023.267 1255.406 1271.223 846.2831 1302.521 1054.745 1306.739 1247.536 1113.803 452.8933 1145.307 449.1262 1176.72 452.9736 1200.35 433.3475 1334.066 1290.747 1353.742 1275.206 1302.485 1271.099 987.8605 1302.53 968.3232 1279.102 1027.39 1275.019 
1149.442 557.8264 1227.221 626.8812 1123.88 639.9973 1119.23 799.7419 1106.359 955.3155 1326.726 605.2939 1395.876 773.6273 1287.7 743.593 1287.789 920.7036 1218.719 929.3953 1141.01 1132.27 1158.394 1395.771 1356.907 916.2722 1434.477 1115.122 1365.546 1361.064 1123.603 532.1328 1158.188 527.6782 1292.111 497.393 1222.896 497.5475 1460.644 1430.197 1460.482 1404.552 1335.363 1374.156 1076.072 1430.219 1080.483 1413.042 1188.44 1417.394 
1086.011 504.7329 1163.308 565.5602 1090.009 570.0121 1090.016 724.1831 1085.915 870.618 1248.553 545.3941 1244.564 744.5764 1155.334 626.8127 1244.668 854.317 1183.771 858.3063 1134.889 1085.958 1110.421 1305.654 1301.599 850.258 1354.37 1081.894 1399.119 1281.373 1061.826 488.4698 1094.207 476.3308 1216.177 468.1624 1155.13 447.9262 1411.149 1342.075 1435.669 1321.969 1387.017 1297.437 1090.274 1346.432 1069.811 1342.141 1118.459 1317.954 
1371.817 493.6657 1305.613 572.4167 1210.363 547.5831 1144.08 709.0522 1135.737 874.7575 1396.789 589.0291 1347.123 742.3098 1359.453 609.7643 1272.403 870.5729 1206.232 862.3651 1160.612 1106.851 1135.617 1318.009 1334.641 874.6874 1380.139 1106.633 1425.714 1309.712 1367.659 468.7648 1400.766 481.3636 1326.365 439.8897 1409.197 501.8325 1438.157 1363.518 1467.072 1346.995 1413.32 1330.485 1139.735 1371.862 1110.718 1367.63 1135.753 1338.616 
1257.984 533.561 1303.801 579.2791 1208.034 583.731 1199.666 749.9922 1220.62 849.9292 1403.735 558.6881 1432.829 712.4487 1341.114 583.7096 1295.378 879.1608 1237.073 879.058 1149.583 1108.072 1128.949 1341.127 1353.821 879.1457 1403.699 1112.071 1432.78 1320.406 1245.462 512.8707 1278.724 512.6 1258.033 421.3614 1320.408 483.4667 1445.399 1370.319 1474.356 1353.754 1420.361 1345.299 1112.242 1386.968 1083.252 1378.711 1145.449 1349.688 
1261.528 548.8564 1307.859 586.793 1206.699 591.28 1236.314 772.3755 1308.001 911.5639 1405.001 574.2601 1400.687 755.3657 1312.136 620.7184 1324.861 886.3109 1261.6 890.3119 1185.609 1118.204 1122.237 1341.723 1383.807 890.3483 1404.922 1130.729 1442.909 1337.405 1244.693 519.3846 1278.469 523.4279 1261.498 515.181 1341.603 494.1321 1464.052 1392.111 1489.298 1371.231 1434.573 1362.599 1101.417 1400.698 1084.336 1392.323 1122.429 1362.887 
1024.977 585.3616 1145.724 561.3331 1077.181 585.4236 1093.446 726.5668 1081.47 637.8818 1210.548 537.1117 1242.775 698.4016 1125.658 625.4968 1222.456 851.3541 1169.938 855.406 1109.564 1077.163 1069.154 1295.094 1278.976 843.4055 1339.437 1073.254 1363.551 1287.047 1012.823 569.2153 1024.839 561.0212 1206.297 492.6377 1065.191 500.8916 1407.899 1331.237 1415.973 1311.092 1339.571 1307.284 1045.073 1339.558 1020.794 1335.22 1077.21 1311.115 
1004.414 585.0921 1113.11 561.1271 1044.786 577.0555 1076.749 726.2113 1048.733 629.5616 1177.622 544.9423 1189.837 726.423 1080.922 621.3907 1189.797 851.16 1129.36 851.3441 1077.135 1068.847 1052.865 1290.599 1250.292 847.2157 1343.09 1052.821 1423.53 1258.32 984.0973 565.2102 1004.372 560.778 1205.919 492.4835 1044.602 504.6064 1431.67 1326.901 1455.937 1310.715 1415.577 1270.415 1044.591 1338.984 1016.521 1334.8 1072.849 1306.682 
1283.045 537.8674 1258.584 570.4716 1160.71 574.6282 1221.863 729.2274 1254.559 603.1714 1352.298 566.358 1384.811 721.0736 1315.383 627.5544 1217.761 867.681 1152.657 867.6764 1091.471 1083.449 1063.183 1295.167 1282.824 867.6418 1352.001 1075.235 1417.247 1287.112 1274.772 505.5183 1311.356 525.7855 1250.241 493.271 1343.801 521.7521 1449.874 1343.892 1474.142 1323.603 1413.016 1315.44 1058.846 1351.927 1030.451 1343.911 1079.365 1315.395 
1196.694 539.0704 1229.71 572.0463 1131.066 592.5535 1200.78 736.3588 1201.101 605.0779 1328.185 551.5681 1357.151 707.843 1250.335 592.594 1229.594 872.0463 1163.956 876.1678 1102.207 1098.026 1077.7 1320.09 1295.298 867.934 1365.488 1085.805 1431.264 1299.682 1168.239 510.5997 1209.102 510.2744 1147.523 506.4123 1254.316 477.5917 1463.935 1357.055 1488.584 1336.62 1426.991 1328.23 1061.134 1365.493 1036.433 1361.079 1098.032 1332.415 
1229.353 537.0275 1169.22 544.9242 1073.209 552.8566 1041.293 713.0806 1073.006 857.1683 1261.383 536.9593 1365.35 653.1649 1453.482 700.973 1169.235 844.9242 1105.274 845.1389 1049.244 1073.057 1045.288 1285.205 1233.215 840.9666 1333.422 1009.133 1361.391 1233.177 1225.271 520.8553 1253.24 525.1125 1173.284 468.8589 1265.223 492.7026 1421.314 1325.141 1425.472 1301.383 1349.252 1249.229 1033.084 1329.495 1009.046 1325.245 1069.038 1297.194 
1246.854 507.8931 1178.939 519.8342 1091.108 519.9836 1051.144 683.5847 1099.16 839.4136 1266.815 508.0012 1366.819 623.7773 1482.394 679.5857 1167.175 819.6035 1103.303 823.4525 1067.216 1066.979 1047.177 1274.803 1230.947 819.5368 1290.656 1043.302 1354.621 1282.849 1231.075 488.042 1262.713 491.9753 1182.998 448.0808 1262.803 491.7603 1434.585 1322.809 1430.686 1306.747 1330.885 1306.847 1035.097 1326.719 1007.268 1318.811 1066.993 1290.896 
