170.3196 167.6329 205.3022 218.7487 73.48529 214.0483 0 0 0 0 283.9842 205.3023 0 0 0 0 0 0 0 0 0 0 0 0 0 0 0 0 0 0 141.4063 136.6854 195.8747 131.9945 111.1328 148.1247 238.9176 140.7296 0 0 0 0 0 0 0 0 0 0 0 0 
171.4275 168.6867 204.848 219.1741 75.90321 217.805 0 0 0 0 286.0248 208.9338 0 0 0 0 0 0 0 0 0 0 0 0 0 0 0 0 0 0 144.1034 139.3365 197.3427 133.866 112.0702 149.5979 243.0631 140.0333 0 0 0 0 0 0 0 0 0 0 0 0 
170.8434 170.8375 203.4619 220.4614 75.64214 217.0711 0 0 0 0 285.0512 206.197 0 0 0 0 0 0 0 0 0 0 0 0 0 0 0 0 0 0 143.6358 138.8587 200.0602 134.7959 112.3502 149.7415 242.9071 140.2296 0 0 0 0 0 0 0 0 0 0 0 0 
169.3796 168.0281 204.9644 219.0653 74.70148 213.697 0 0 0 0 280.8348 202.9524 0 0 0 0 0 0 0 0 0 0 0 0 0 0 0 0 0 0 141.8272 137.1605 195.5815 133.8003 110.952 147.9195 237.8751 140.5071 0 0 0 0 0 0 0 0 0 0 0 0 
172.8684 164.1606 201.1067 222.612 74.09097 211.1857 0 0 0 0 280.4046 203.7943 0 0 0 0 0 0 0 0 0 0 0 0 0 0 0 0 0 0 140.6292 137.2621 195.7042 133.2383 110.3694 147.3617 238.738 145.326 0 0 0 0 0 0 0 0 0 0 0 0 
NaN NaN NaN NaN NaN NaN NaN NaN NaN NaN NaN NaN NaN NaN NaN NaN NaN NaN NaN NaN NaN NaN NaN NaN NaN NaN NaN NaN NaN NaN NaN NaN NaN NaN NaN NaN NaN NaN NaN NaN NaN NaN NaN NaN NaN NaN NaN NaN NaN NaN 
219.3438 124.2957 229.7053 192.9649 146.4982 190.1866 0 0 0 0 308.0939 192.2822 0 0 0 0 0 0 0 0 0 0 0 0 0 0 0 0 0 0 202.6517 104.9049 240.8071 102.8189 179.7703 117.3647 274.09 114.6014 0 0 0 0 0 0 0 0 0 0 0 0 
219.3438 124.2957 229.7053 192.9649 146.4982 190.1866 0 0 0 0 308.0939 192.2822 0 0 0 0 0 0 0 0 0 0 0 0 0 0 0 0 0 0 202.6517 104.9049 240.8071 102.8189 179.7703 117.3647 274.09 114.6014 0 0 0 0 0 0 0 0 0 0 0 0 
220.0297 124.6838 229.7577 192.9025 146.278 190.808 0 0 0 0 309.0671 192.8939 0 0 0 0 0 0 0 0 0 0 0 0 0 0 0 0 0 0 203.2974 106.6143 240.8853 103.1756 181.0518 116.3726 274.9999 114.2858 0 0 0 0 0 0 0 0 0 0 0 0 
218.6339 124.7357 229.7627 192.8966 146.279 191.4962 0 0 0 0 307.6848 192.2074 0 0 0 0 0 0 0 0 0 0 0 0 0 0 0 0 0 0 200.5522 108.0201 237.4248 103.8569 178.2749 117.7541 271.4991 116.3524 0 0 0 0 0 0 0 0 0 0 0 0 
217.6787 125.9441 228.7891 194.0504 145.4126 192.6577 0 0 0 0 307.3227 192.6681 0 0 0 0 0 0 0 0 0 0 0 0 0 0 0 0 0 0 199.6157 107.869 236.4699 103.7405 178.7711 119.0052 269.8123 117.6157 0 0 0 0 0 0 0 0 0 0 0 0 
216.9183 124.8048 229.3627 193.372 146.287 191.3103 0 0 0 0 307.6396 189.9234 0 0 0 0 0 0 0 0 0 0 0 0 0 0 0 0 0 0 198.9306 107.5029 236.317 103.3486 176.0573 115.8139 269.5686 115.8303 0 0 0 0 0 0 0 0 0 0 0 0 
218.0585 124.3704 231.9204 190.2969 150.7461 184.0525 0 0 0 0 309.6479 189.6037 0 0 0 0 0 0 0 0 0 0 0 0 0 0 0 0 0 0 202.1047 104.9627 240.2409 102.8616 179.8998 111.1976 274.2338 113.2689 0 0 0 0 0 0 0 0 0 0 0 0 
224.3478 124.7814 234.7816 186.7554 154.033 177.7019 84.41483 254.2981 70.50327 206.9426 312.0644 189.5439 0 0 0 0 0 0 0 0 0 0 0 0 0 0 0 0 0 0 207.6132 104.6108 243.1314 103.2039 183.9761 110.8698 280.7235 117.125 0 0 0 0 0 0 0 0 0 0 0 0 
224.3221 123.4002 234.7748 186.764 154.0329 175.6009 75.36547 254.2819 76.76 189.5222 311.3559 188.8308 0 0 0 0 0 0 0 0 0 0 0 0 0 0 0 0 0 0 208.3358 103.8985 245.2105 103.1976 186.0628 110.8615 279.3297 117.8223 0 0 0 0 0 0 0 0 0 0 0 0 
224.6805 123.5886 235.1246 186.3234 155.6469 175.1655 77.55672 254.6641 75.47332 191.2015 311.1254 188.421 0 0 0 0 0 0 0 0 0 0 0 0 0 0 0 0 0 0 208.6503 103.3703 245.5769 102.6549 186.3034 108.92 280.4335 113.8365 0 0 0 0 0 0 0 0 0 0 0 0 
228.2002 121.9364 235.9451 185.2834 159.2294 174.7235 75.4844 257.0762 75.486 183.865 314.7802 188.8118 0 0 0 0 0 0 0 0 0 0 0 0 0 0 0 0 0 0 212.7454 102.9367 250.0091 103.6199 188.8091 109.9793 284.5195 120.539 0 0 0 0 0 0 0 0 0 0 0 0 
225.9807 120.0628 235.7307 185.5559 158.3627 173.0091 76.83469 254.5558 76.82484 186.2272 313.0783 189.0388 0 0 0 0 0 0 0 0 0 0 0 0 0 0 0 0 0 0 212.7312 101.21 247.5627 101.2244 186.9658 107.4879 282.4323 115.8676 0 0 0 0 0 0 0 0 0 0 0 0 
226.2644 119.8511 235.9912 185.2246 158.0887 174.0856 75.30034 254.0963 79.47698 183.139 312.5233 188.6894 0 0 0 0 0 0 0 0 0 0 0 0 0 0 0 0 0 0 213.021 101.7339 247.8111 101.036 188.6952 108.6936 282.6041 114.9509 0 0 0 0 0 0 0 0 0 0 0 0 
225.5161 120.1328 235.912 185.3254 157.5816 173.5212 77.15061 253.2724 76.46119 189.4723 312.1947 187.3958 0 0 0 0 0 0 0 0 0 0 0 0 0 0 0 0 0 0 210.9708 101.4087 246.3319 102.0702 188.7727 108.3345 280.2822 115.9812 0 0 0 0 0 0 0 0 0 0 0 0 
226.9469 119.8493 236.0083 185.2028 158.082 174.0772 79.48466 254.0909 79.46939 190.0735 312.5062 187.2952 0 0 0 0 0 0 0 0 0 0 0 0 0 0 0 0 0 0 212.3345 101.7472 247.1327 101.7433 187.9948 107.9747 281.9053 116.337 0 0 0 0 0 0 0 0 0 0 0 0 
222.5012 120.8952 233.8291 187.9466 154.0663 178.0698 75.70077 257.8397 75.69058 192.1728 312.1716 190.0633 0 0 0 0 0 0 0 0 0 0 0 0 0 0 0 0 0 0 206.289 102.5282 243.6967 99.70857 183.7364 109.5869 277.5794 114.5235 0 0 0 0 0 0 0 0 0 0 0 0 
219.0011 124.5179 232.8164 189.1997 152.1288 184.114 72.89145 265.5583 73.63239 200.0964 314.9718 187.7442 396.3971 256.8109 416.7586 205.9235 0 0 0 0 0 0 0 0 0 0 0 0 0 0 203.0065 106.3106 240.8161 101.9955 180.4732 114.3173 274.2659 116.5006 0 0 0 0 0 0 0 0 0 0 0 0 
213.3425 124.2802 231.5863 190.7033 149.0924 187.042 73.90276 266.6243 68.78764 203.8276 312.5939 184.1369 404.5438 241.0499 422.813 181.1988 0 0 0 0 0 0 0 0 0 0 0 0 0 0 197.2602 105.2998 231.5884 101.6737 176.8247 115.5145 273.1779 112.5878 0 0 0 0 0 0 0 0 0 0 0 0 
214.0851 123.9816 231.6588 190.6152 150.3415 184.7755 74.17469 267.5471 68.29359 202.3662 312.2128 184.7793 403.7786 243.3714 413.2891 179.6429 0 0 0 0 0 0 0 0 0 0 0 0 0 0 196.5136 107.131 232.3773 102.0147 178.1505 119.5878 272.6538 113.6876 0 0 0 0 0 0 0 0 0 0 0 0 
214.4462 124.5018 231.2924 191.0597 150.1056 185.1984 75.50436 267.1189 70.37999 201.306 311.7003 185.9362 403.8469 244.4452 414.0899 183.7294 0 0 0 0 0 0 0 0 0 0 0 0 0 0 197.6267 106.9555 232.0048 102.5481 175.6984 115.0167 272.9478 111.3347 0 0 0 0 0 0 0 0 0 0 0 0 
212.1661 123.5705 232.4611 189.636 151.1679 183.109 77.11722 265.1474 72.05605 196.18 310.8524 183.8277 398.7039 244.087 411.7685 186.7212 0 0 0 0 0 0 0 0 0 0 0 0 0 0 196.1738 106.1484 232.4556 101.7814 175.8322 115.5919 270.2282 110.5108 0 0 0 0 0 0 0 0 0 0 0 0 
212.9103 124.0359 231.881 190.3449 150.272 183.7849 73.77136 266.138 70.84491 199.8132 312.017 185.2484 404.563 244.2666 414.0213 185.2372 0 0 0 0 0 0 0 0 0 0 0 0 0 0 198.3567 105.8421 232.5962 102.1919 177.2084 114.5746 271.2129 113.8378 0 0 0 0 0 0 0 0 0 0 0 0 
214.709 125.3654 232.2949 189.8396 151.0167 183.9554 73.40228 267.4427 73.39307 197.142 312.8258 185.4232 406.5611 247.6738 409.4739 184.6794 0 0 0 0 0 0 0 0 0 0 0 0 0 0 198.6142 107.7963 232.3014 102.7311 178.074 118.8076 274.0274 113.6903 0 0 0 0 0 0 0 0 0 0 0 0 
214.3204 124.7248 232.5275 189.5547 152.4029 184.4537 75.20754 266.0472 73.01029 199.0209 311.181 184.4546 403.6838 247.8237 404.4072 183.7227 0 0 0 0 0 0 0 0 0 0 0 0 0 0 198.2848 107.2614 233.9762 102.1614 177.1765 117.4536 271.8652 114.5336 0 0 0 0 0 0 0 0 0 0 0 0 
212.6145 125.0367 231.5824 190.7082 153.4828 183.4047 63.69323 266.6394 73.20381 179.029 310.4306 189.2384 394.374 258.5886 402.4105 196.5495 0 0 0 0 0 0 0 0 0 0 0 0 0 0 195.7951 108.2185 231.5841 103.8336 174.6557 115.5201 270.29 113.3249 0 0 0 0 0 0 0 0 0 0 0 0 
214.7099 125.4101 232.3011 189.8321 152.4831 189.0863 96.09374 267.4414 76.3401 198.6043 312.8385 183.2306 406.574 238.8967 405.838 170.7795 0 0 0 0 0 0 0 0 0 0 0 0 0 0 197.16 108.5499 233.747 104.1672 174.4561 118.0726 268.1853 115.8666 0 0 0 0 0 0 0 0 0 0 0 0 
215.2911 125.1649 233.4482 188.4196 153.5312 182.5851 66.31549 265.4486 77.95698 183.3259 312.669 183.3256 394.0576 257.424 398.4485 189.1083 0 0 0 0 0 0 0 0 0 0 0 0 0 0 198.5792 108.474 234.9032 104.8302 176.7671 119.3467 270.5132 114.2869 0 0 0 0 0 0 0 0 0 0 0 0 
220.152 125.4504 235.4378 185.9276 155.3341 185.201 84.68115 266.0683 80.30146 206.3402 314.8506 178.6507 404.4615 244.2046 402.988 171.3356 0 0 0 0 0 0 0 0 0 0 0 0 0 0 201.9447 107.2683 240.5428 104.3495 178.6624 113.8332 271.9053 114.5653 0 0 0 0 0 0 0 0 0 0 0 0 
216.6845 124.007 234.0296 187.697 155.125 181.8997 74.02657 264.4636 78.39446 192.7679 313.6729 183.3588 391.886 257.1746 396.9615 186.9664 0 0 0 0 0 0 0 0 0 0 0 0 0 0 200.0028 107.3427 234.7824 102.9992 178.2822 117.4579 270.2476 112.3975 0 0 0 0 0 0 0 0 0 0 0 0 
219.4438 126.2971 235.5907 185.7337 156.3785 178.3911 59.58577 261.2533 104.3184 203.3086 317.709 187.1803 415.2417 248.058 377.1179 204.0449 0 0 0 0 0 0 0 0 0 0 0 0 0 0 201.8788 108.7339 237.8075 106.5126 179.8541 118.9688 272.9911 114.5758 0 0 0 0 0 0 0 0 0 0 0 0 
223.3896 128.5895 235.3278 186.0667 156.9516 181.5673 60.65774 258.4561 158.4551 209.95 315.9413 187.5384 418.9443 252.4951 332.3634 238.3169 0 0 0 0 0 0 0 0 0 0 0 0 0 0 205.4805 110.6936 242.0314 107.6693 183.0765 118.128 278.639 117.4038 0 0 0 0 0 0 0 0 0 0 0 0 
217.0852 124.5016 233.677 188.1358 153.4567 178.0244 72.4763 264.0675 84.06416 206.2172 312.4929 185.9716 390.5521 257.5493 385.5276 187.4235 0 0 0 0 0 0 0 0 0 0 0 0 0 0 200.4308 107.1902 237.3017 105.0175 178.741 115.8434 274.1583 114.4047 0 0 0 0 0 0 0 0 0 0 0 0 
218.1297 128.3304 234.0222 187.7062 155.1217 181.9095 71.85561 264.4601 81.99166 203.6229 313.6804 184.0837 390.4412 257.9492 395.4993 186.9688 0 0 0 0 0 0 0 0 0 0 0 0 0 0 200.03 109.5127 238.3723 106.6146 179.735 118.192 272.4214 116.7444 0 0 0 0 0 0 0 0 0 0 0 0 
218.1889 128.0767 233.4625 188.4018 157.1445 180.3987 108.4744 243.6229 89.56016 204.3823 313.3843 188.4093 384.6142 265.4464 389.6896 200.0294 0 0 0 0 0 0 0 0 0 0 0 0 0 0 200.7472 109.9217 237.8103 107.03 180.4085 118.6197 274.8687 117.9085 0 0 0 0 0 0 0 0 0 0 0 0 
217.4799 129.1071 233.3934 188.4874 155.1824 179.8017 108.0905 250.7688 89.25871 203.6944 312.3409 188.5011 384.7449 264.5535 385.5054 200.0865 0 0 0 0 0 0 0 0 0 0 0 0 0 0 200.0877 110.2802 237.7228 107.3999 178.3664 118.218 274.6905 115.3437 0 0 0 0 0 0 0 0 0 0 0 0 
218.588 130.0417 233.1037 188.8457 154.0148 181.5879 75.65273 265.0596 84.3651 205.5199 312.9363 188.8407 380.4178 265.0615 387.6807 222.218 0 0 0 0 0 0 0 0 0 0 0 0 0 0 201.1739 112.6244 238.1968 107.6141 181.5728 120.6517 272.3027 119.1903 0 0 0 0 0 0 0 0 0 0 0 0 
219.3129 129.3593 233.0965 188.8545 154.019 181.5841 95.96909 255.6056 82.18876 194.632 311.4802 188.8598 380.4129 265.0581 387.6757 222.2152 0 0 0 0 0 0 0 0 0 0 0 0 0 0 200.464 111.9052 238.9054 107.6033 179.4043 119.1829 273.7501 119.9104 0 0 0 0 0 0 0 0 0 0 0 0 
217.8778 130.0466 233.1036 188.8458 152.5715 184.5023 102.4938 265.0469 82.18979 194.6344 314.3793 187.388 391.2779 265.0527 384.7774 195.3854 0 0 0 0 0 0 0 0 0 0 0 0 0 0 200.472 112.6301 238.9241 108.2928 177.9623 121.3753 272.3012 118.4693 0 0 0 0 0 0 0 0 0 0 0 0 
217.6007 130.339 232.1703 189.9919 153.629 183.4557 72.92027 265.6335 78.74281 205.9848 312.1553 191.438 383.4306 265.6322 382.6975 210.3414 0 0 0 0 0 0 0 0 0 0 0 0 0 0 200.1778 112.8925 236.5431 108.5612 177.6303 119.4711 273.6247 118.7119 0 0 0 0 0 0 0 0 0 0 0 0 
218.2517 129.581 232.8087 189.2092 153.5843 181.9182 69.24916 265.5425 81.60254 193.5634 312.0464 190.6468 383.3 265.5417 382.5671 210.2697 0 0 0 0 0 0 0 0 0 0 0 0 0 0 200.8559 112.1342 240.0628 108.5109 179.0065 119.4092 273.5163 119.4105 0 0 0 0 0 0 0 0 0 0 0 0 
218.7254 130.5376 232.5256 189.557 153.8712 182.9927 85.40245 266.0509 84.66539 204.8461 314.8304 189.5626 386.9175 266.0547 387.6631 207.77 0 0 0 0 0 0 0 0 0 0 0 0 0 0 201.9295 110.8925 240.5303 108.7081 181.5566 118.8904 273.325 121.8176 0 0 0 0 0 0 0 0 0 0 0 0 
218.7125 130.5376 232.5247 189.558 153.8616 182.9945 73.74761 266.0332 81.03748 195.3629 312.6341 191.0065 381.1004 266.038 386.9089 217.2202 0 0 0 0 0 0 0 0 0 0 0 0 0 0 201.2193 110.882 241.2192 107.995 180.8154 118.9053 272.5865 118.9008 0 0 0 0 0 0 0 0 0 0 0 0 
220.4348 129.14 232.7464 189.2858 153.0612 182.0362 79.1548 264.6461 82.05505 195.0728 312.4436 189.9977 381.2783 264.6459 384.1812 210.272 0 0 0 0 0 0 0 0 0 0 0 0 0 0 200.8972 109.5854 239.9806 107.412 181.3214 118.2911 273.3179 118.982 0 0 0 0 0 0 0 0 0 0 0 0 
217.9018 129.3274 233.1009 188.8491 153.2862 182.3059 72.01896 265.0523 82.89912 196.8389 311.4672 188.8514 380.4278 265.0536 383.3176 211.339 0 0 0 0 0 0 0 0 0 0 0 0 0 0 201.2049 109.0305 240.3843 107.5629 180.1474 118.4535 271.5778 119.9021 0 0 0 0 0 0 0 0 0 0 0 0 
218.2157 125.9231 233.4581 188.4073 152.7957 182.5899 93.93115 265.4355 82.2952 202.1968 314.8438 187.6639 384.6007 265.4413 386.037 231.2802 0 0 0 0 0 0 0 0 0 0 0 0 0 0 202.2076 109.9061 240.6831 107.0214 181.1316 117.9212 276.313 116.4501 0 0 0 0 0 0 0 0 0 0 0 0 
218.7352 130.9152 231.8104 190.4309 149.7688 186.0757 83.6927 265.2216 82.22952 202.0354 313.1293 188.9674 380.6577 265.2298 385.7289 231.0956 0 0 0 0 0 0 0 0 0 0 0 0 0 0 200.5783 113.4309 238.3441 111.2692 177.3402 120.0052 271.7426 125.0527 0 0 0 0 0 0 0 0 0 0 0 0 
213.4342 145.6751 225.5879 197.7628 144.9721 196.34 85.06528 260.5421 80.77647 198.4653 311.1674 195.62 373.9312 260.543 378.9129 227.012 0 0 0 0 0 0 0 0 0 0 0 0 0 0 194.9093 122.1253 236.2628 118.6054 168.4998 132.1301 270.5186 133.5727 0 0 0 0 0 0 0 0 0 0 0 0 
206.188 160.8763 218.552 205.5116 132.0312 208.2551 81.89897 250.8442 77.76981 191.0781 310.5745 198.635 360.0127 250.8451 364.809 218.5622 0 0 0 0 0 0 0 0 0 0 0 0 0 0 185.5823 129.3062 232.9661 129.3158 161.5331 138.2156 270.7452 140.2649 0 0 0 0 0 0 0 0 0 0 0 0 
203.746 154.1948 215.1221 209.0992 126.7409 204.4189 79.86336 244.6095 75.83683 186.3288 308.2103 196.3866 351.0645 244.6103 355.7416 213.1298 0 0 0 0 0 0 0 0 0 0 0 0 0 0 180.991 126.0887 227.8553 126.0789 156.8508 136.0842 268.71 141.4558 0 0 0 0 0 0 0 0 0 0 0 0 
201.5363 149.668 213.8217 210.4288 126.461 209.7271 81.40812 249.3408 77.3037 189.9328 312.8127 199.4886 357.855 249.3417 362.6225 217.2522 0 0 0 0 0 0 0 0 0 0 0 0 0 0 179.7044 122.3461 222.7168 123.0357 155.1235 129.8692 264.3327 138.0643 0 0 0 0 0 0 0 0 0 0 0 0 
196.8943 145.1131 217.5683 206.5528 129.239 208.6116 82.31187 252.1089 78.16189 192.0414 310.0762 195.4923 361.8277 252.1097 366.6482 219.6641 0 0 0 0 0 0 0 0 0 0 0 0 0 0 178.9339 118.8916 222.4225 118.2101 156.8458 129.2269 267.2794 132.7004 0 0 0 0 0 0 0 0 0 0 0 0 
201.0329 135.2234 220.1996 203.7452 126.9866 206.5027 81.74751 250.3803 77.62599 190.7247 304.5158 193.4741 359.3469 250.3812 364.1343 218.158 0 0 0 0 0 0 0 0 0 0 0 0 0 0 181.8204 113.2771 223.6261 111.8975 157.1598 124.9208 265.4299 129.046 0 0 0 0 0 0 0 0 0 0 0 0 
202.5595 133.2561 221.2902 202.5602 127.7176 210.1969 82.66447 253.1888 78.49671 192.864 305.8579 192.8684 363.3777 253.1897 368.2188 220.605 0 0 0 0 0 0 0 0 0 0 0 0 0 0 185.2345 109.0235 226.1553 108.3358 160.2952 122.8534 269.8221 129.0974 0 0 0 0 0 0 0 0 0 0 0 0 
203.2812 129.7593 221.2836 202.5674 127.0207 209.5015 82.66401 253.1874 78.49627 192.863 303.7788 192.8706 363.3757 253.1883 368.2167 220.6038 0 0 0 0 0 0 0 0 0 0 0 0 0 0 189.4074 107.5821 229.6022 107.6412 161.6826 119.4092 273.2765 124.2564 0 0 0 0 0 0 0 0 0 0 0 0 
204.9806 130.849 220.3523 203.5801 128.7837 209.1727 83.35681 255.3094 79.15415 194.4794 307.7121 193.0903 366.4211 255.3103 371.3027 222.4527 0 0 0 0 0 0 0 0 0 0 0 0 0 0 192.3927 105.7288 232.236 109.2083 165.8239 119.7006 272.0757 132.986 0 0 0 0 0 0 0 0 0 0 0 0 
