NaN NaN NaN NaN NaN NaN NaN NaN NaN NaN NaN NaN NaN NaN NaN NaN NaN NaN NaN NaN NaN NaN NaN NaN NaN NaN NaN NaN NaN NaN NaN NaN NaN NaN NaN NaN NaN NaN NaN NaN NaN NaN NaN NaN NaN NaN NaN NaN NaN NaN 
189.0991 145.1257 193.8942 228.9215 83.29404 217.9342 0 0 0 0 304.4866 219.9882 0 0 0 0 0 0 0 0 0 0 0 0 0 0 0 0 0 0 161.6224 118.3232 215.1922 116.9548 130.6892 127.9396 250.2216 123.1288 0 0 0 0 0 0 0 0 0 0 0 0 
189.0991 145.1257 193.8942 228.9215 83.29404 217.9342 0 0 0 0 304.4866 219.9882 0 0 0 0 0 0 0 0 0 0 0 0 0 0 0 0 0 0 161.6224 118.3232 215.1922 116.9548 130.6892 127.9396 250.2216 123.1288 0 0 0 0 0 0 0 0 0 0 0 0 
187.1335 146.8453 194.7952 228.1553 87.05889 223.2858 0 0 0 0 308.0919 219.1142 0 0 0 0 0 0 0 0 0 0 0 0 0 0 0 0 0 0 159.3581 120.4154 212.174 116.9569 132.9369 129.452 248.3229 122.4973 0 0 0 0 0 0 0 0 0 0 0 0 
188.0411 148.6456 196.4646 226.7193 84.60256 223.9035 0 0 0 0 311.1344 224.6096 0 0 0 0 0 0 0 0 0 0 0 0 0 0 0 0 0 0 162.687 121.9087 216.1699 120.4876 135.9505 129.6215 255.5612 124.7078 0 0 0 0 0 0 0 0 0 0 0 0 
186.5685 144.8321 192.149 230.3883 90.5959 217.8739 0 0 0 0 304.1122 217.8691 0 0 0 0 0 0 0 0 0 0 0 0 0 0 0 0 0 0 162.221 115.6476 214.4113 113.5241 133.7078 123.9799 252.6417 123.2789 0 0 0 0 0 0 0 0 0 0 0 0 
176.3775 150.1711 199.0079 224.4901 104.1941 210.3408 0 0 0 0 309.4017 223.0761 0 0 0 0 0 0 0 0 0 0 0 0 0 0 0 0 0 0 152.3142 121.9203 203.9674 120.4539 128.2704 129.6633 242.8867 124.7255 0 0 0 0 0 0 0 0 0 0 0 0 
141.0447 169.8115 194.9551 228.0187 112.3085 209.327 0 0 0 0 292.7066 216.524 0 0 0 0 0 0 0 0 0 0 0 0 0 0 0 0 0 0 142.5069 157.5616 153.2757 167.6444 134.5844 141.0534 220.8186 162.6072 0 0 0 0 0 0 0 0 0 0 0 0 
127.9065 184.6595 188.2086 233.6183 83.90804 227.2341 0 0 0 0 308.1118 217.3004 0 0 0 0 0 0 0 0 0 0 0 0 0 0 0 0 0 0 115.8136 168.3445 146.3524 160.5324 103.0602 159.1108 213.7569 161.9572 0 0 0 0 0 0 0 0 0 0 0 0 
277.3633 232.4461 297.6821 342.6177 124.3732 347.9772 0 0 0 0 414.2935 243.1336 0 0 0 0 527.7301 150.0614 527.7051 150.0637 527.7076 171.46 524.4886 191.7776 529.8464 151.1213 531.9818 174.6465 538.4069 199.2794 235.5997 189.6162 315.8906 188.5724 197.1199 206.7553 371.5132 200.3467 541.6099 200.3506 541.6048 201.3853 539.4577 200.3325 526.6213 193.9283 0 0 0 0 
327.1161 227.481 324.854 352.8578 172.6454 337.1696 0 0 0 0 493.8664 352.8315 0 0 0 0 552.087 156.9874 552.0608 156.9897 552.0634 179.3736 548.6959 200.6288 554.3009 158.0962 556.5349 182.7071 563.2565 208.4769 285.6822 186.083 371.8777 186.0874 236.4085 195.0382 424.4657 208.435 566.6074 209.5976 566.602 210.68 564.3558 209.5786 550.9269 202.8788 0 0 0 0 
321.3515 223.9275 312.4641 343.4735 160.8047 327.9819 0 0 0 0 491.823 352.348 0 0 0 0 546.0981 155.2844 546.0723 155.2868 546.0748 177.4278 542.7438 198.4525 548.288 156.3812 550.4978 180.7252 557.1465 206.2154 278.1532 179.629 366.6989 184.0697 224.9967 179.6131 423.2041 203.9928 560.461 207.324 560.4557 208.3946 558.2339 207.3052 544.9507 200.6781 0 0 0 0 
332.431 227.673 325.7185 355.8258 181.9536 341.3302 0 0 0 0 494.022 354.7121 0 0 0 0 549.7752 156.33 549.7492 156.3324 549.7518 178.6225 546.3983 199.7888 551.9799 157.4342 554.2045 181.9421 560.898 207.6039 286.7362 176.4072 372.5527 186.403 239.9143 181.9736 431.6032 198.6699 564.2348 208.72 564.2295 209.7978 561.9927 208.7011 548.6201 202.0293 0 0 0 0 
337.7317 227.888 331.0161 359.0368 160.6113 327.6412 0 0 0 0 496.94 355.6682 0 0 0 0 553.0122 157.2505 552.986 157.2528 552.9886 179.6742 549.6154 200.9651 555.2299 158.3611 557.4676 183.0133 564.2004 208.8263 292.9076 175.1853 383.6904 184.1546 235.7086 184.1398 426.321 215.5426 567.5569 209.9489 567.5516 211.0331 565.3016 209.9299 551.8503 203.2188 0 0 0 0 
401.9159 252.8058 367.0443 365.8524 215.54 356.2194 0 0 0 0 529.3677 369.4507 0 0 0 0 593.1288 168.6577 593.1008 168.6603 593.1035 192.7081 589.4857 215.5435 595.5074 169.849 597.9075 196.2895 605.1287 223.975 356.2033 205.9325 440.4008 205.8843 276.8596 215.5247 482.4832 213.1297 608.7287 225.179 608.723 226.3418 606.3098 225.1586 591.8826 217.9607 0 0 0 0 
433.8683 265.2445 392.6389 375.1612 203.983 368.91 0 0 0 0 562.5627 387.649 0 0 0 0 616.3294 175.2549 616.3002 175.2575 616.3031 200.246 612.5437 223.9746 618.801 176.4927 621.2949 203.9674 628.7986 232.7359 381.4122 216.4954 463.9038 213.9614 303.933 228.9779 495.1254 215.2414 632.5394 233.987 632.5334 235.1953 630.0259 233.9658 615.0344 226.4864 0 0 0 0 
414.8089 260.7569 375.6639 367.1096 180.0402 361.0073 0 0 0 0 538.2817 375.687 0 0 0 0 603.1203 171.4988 603.0917 171.5014 603.0945 195.9543 599.4158 219.1744 605.5389 172.7101 607.9794 199.596 615.3223 227.7479 369.5681 209.3593 451.4744 210.6054 293.7496 225.28 483.2552 209.386 618.9829 228.9722 618.9771 230.1546 616.5233 228.9515 601.8531 221.6324 0 0 0 0 
405.6162 249.7463 347.8969 364.0403 175.8255 355.966 0 0 0 0 519.963 359.438 0 0 0 0 569.6432 161.9795 569.6162 161.982 569.6189 185.0776 566.1443 207.0088 571.9276 163.1236 574.2326 188.5172 581.1679 215.1064 350.2074 208.1272 428.7472 198.9091 268.2079 227.8123 466.8485 191.9892 584.6254 216.2628 584.6199 217.3796 582.3022 216.2432 568.4463 209.3303 0 0 0 0 
315.4234 216.6695 326.5203 358.6985 163.3981 342.0465 0 0 0 0 497.3862 348.6994 0 0 0 0 547.3551 155.6418 547.3292 155.6442 547.3317 177.8362 543.993 198.9093 549.55 156.7411 551.7649 181.1411 558.4289 206.6901 273.2652 181.1082 362.0327 174.5057 223.3301 195.5703 418.623 200.0121 561.751 207.8012 561.7457 208.8743 559.5188 207.7824 546.205 201.14 0 0 0 0 
