263.1022 103.6284 248.919 167.4495 182.3121 168.8413 127.7267 207.8286 115.7001 197.1893 314.116 162.4715 371.5205 209.9441 414.0374 156.086 0 0 0 0 0 0 0 0 0 0 0 0 0 0 246.7734 88.0368 273.0235 92.2897 212.814 98.65239 270.2023 99.38655 0 0 0 0 0 0 0 0 0 0 0 0 
299.9151 119.5029 241.7042 177.705 178.403 163.8558 103.4887 190.0453 118.7673 202.4167 312.9895 187.1334 393.0236 246.0531 349.3676 166.0214 0 0 0 0 0 0 0 0 0 0 0 0 0 0 287.519 100.5708 305.6903 104.2191 240.9716 101.3023 277.3654 102.0213 0 0 0 0 0 0 0 0 0 0 0 0 
296.411 119.8365 242.4173 176.7311 177.4698 163.6266 107.4328 196.4666 119.1206 203.0189 311.724 181.8501 372.287 224.1653 350.407 166.5153 0 0 0 0 0 0 0 0 0 0 0 0 0 0 283.2622 98.69162 302.9837 103.7985 237.3148 102.316 278.1906 102.3248 0 0 0 0 0 0 0 0 0 0 0 0 
262.9963 105.0157 244.5758 173.7316 177.9953 177.2761 122.0197 253.788 154.5976 227.5744 315.4165 161.7055 424.5056 197.1242 377.0328 143.9902 0 0 0 0 0 0 0 0 0 0 0 0 0 0 243.8615 90.85755 270.7838 90.13851 209.8748 105.0046 270.1002 99.34899 0 0 0 0 0 0 0 0 0 0 0 0 
257.8894 110.239 245.8094 171.9818 182.6219 178.3595 127.2583 247.2319 121.5453 176.9544 309.7101 157.0766 381.3991 196.8202 381.3866 133.6534 0 0 0 0 0 0 0 0 0 0 0 0 0 0 237.2939 93.91325 264.2977 93.16293 204.6429 110.912 270.6787 99.56178 0 0 0 0 0 0 0 0 0 0 0 0 
275.1583 108.8506 244.5334 173.7913 177.4146 172.309 118.3403 216.0811 158.4547 243.0792 309.4449 171.5978 360.5112 235.7611 391.8469 137.3191 0 0 0 0 0 0 0 0 0 0 0 0 0 0 256.9259 90.60738 283.217 91.36985 218.2917 100.1145 278.1026 102.2924 0 0 0 0 0 0 0 0 0 0 0 0 
287.0346 117.2961 240.3242 179.5668 172.8977 166.216 80.97649 213.6573 66.89172 215.1464 306.307 189.1945 352.2447 270.7448 398.2088 139.5486 0 0 0 0 0 0 0 0 0 0 0 0 0 0 269.9674 97.26063 295.2049 103.2113 228.4983 101.7311 282.6178 103.9532 0 0 0 0 0 0 0 0 0 0 0 0 
274.0215 108.3606 242.3479 176.8261 173.1471 167.2748 104.7057 215.857 145.1963 243.0838 309.3268 181.2565 372.6284 243.8238 395.4277 138.574 0 0 0 0 0 0 0 0 0 0 0 0 0 0 257.0693 89.96858 284.2756 91.44335 220.2882 102.4954 280.644 103.2272 0 0 0 0 0 0 0 0 0 0 0 0 
256.2486 102.0376 244.0555 174.4618 175.903 179.5007 109.2013 261.9805 111.3469 175.2088 312.1751 162.2824 399.6843 203.1477 385.3264 135.0341 0 0 0 0 0 0 0 0 0 0 0 0 0 0 239.0109 87.66425 265.571 85.54658 203.917 104.9104 273.4748 100.5903 0 0 0 0 0 0 0 0 0 0 0 0 
253.3374 99.90745 246.2779 171.3102 178.3992 175.5581 104.8531 242.0389 100.6079 169.2007 312.7478 162.113 387.7111 212.3365 379.9145 133.1375 0 0 0 0 0 0 0 0 0 0 0 0 0 0 234.2518 86.46375 262.5427 85.75231 200.3126 104.1208 273.8446 91.40388 0 0 0 0 0 0 0 0 0 0 0 0 
272.7857 100.9885 245.7991 171.9965 176.9612 162.7699 86.07907 202.5103 93.17451 201.8009 311.843 169.8489 392.7823 245.1025 381.4031 133.6592 0 0 0 0 0 0 0 0 0 0 0 0 0 0 252.9218 85.37697 280.5951 82.55704 214.5972 98.83307 274.9176 91.76203 0 0 0 0 0 0 0 0 0 0 0 0 
271.6944 100.9402 244.5382 173.7845 172.3683 173.0855 98.7769 240.9577 48.05831 163.0836 315.2746 165.2321 374.5816 218.0978 383.8456 134.5152 0 0 0 0 0 0 0 0 0 0 0 0 0 0 253.8034 85.21083 279.5394 83.77866 214.5218 98.76451 276.6781 92.34966 0 0 0 0 0 0 0 0 0 0 0 0 
266.2407 100.6772 245.7189 172.1111 173.5497 174.2489 99.25767 230.1551 47.59649 161.5164 313.6449 160.7975 386.5418 199.0238 332.7533 162.2424 0 0 0 0 0 0 0 0 0 0 0 0 0 0 246.4298 86.51264 274.0009 82.2389 207.5284 99.24081 274.0194 91.46223 0 0 0 0 0 0 0 0 0 0 0 0 
268.7275 104.3383 246.0404 171.6511 174.4991 165.9912 101.5116 215.5974 81.6823 210.6184 318.3348 167.4186 398.4052 223.3745 360.1389 134.1007 0 0 0 0 0 0 0 0 0 0 0 0 0 0 248.901 85.92759 279.3753 88.0326 213.4673 99.36769 274.3979 91.58859 0 0 0 0 0 0 0 0 0 0 0 0 
252.7418 104.9045 244.2442 174.1976 173.5041 179.1532 110.5448 252.7339 81.54681 210.269 312.8533 165.0081 390.6722 220.8965 435.2448 217.3492 0 0 0 0 0 0 0 0 0 0 0 0 0 0 234.3444 87.90199 263.3491 86.48794 201.0823 104.892 278.1776 93.55275 0 0 0 0 0 0 0 0 0 0 0 0 
261.4644 104.967 246.6106 170.831 178.6214 166.5877 104.2741 226.7783 50.45965 235.2604 314.5831 165.8741 384.6772 232.4306 418.6651 218.2836 0 0 0 0 0 0 0 0 0 0 0 0 0 0 240.2432 87.29068 274.205 87.28272 211.2009 99.30148 286.2381 95.06759 0 0 0 0 0 0 0 0 0 0 0 0 
262.1606 96.2155 245.9388 171.7967 177.4449 168.2566 104.0043 232.5319 84.2148 250.884 315.1626 166.8382 401.3152 240.296 436.6314 252.3181 0 0 0 0 0 0 0 0 0 0 0 0 0 0 241.0282 81.3927 273.4942 82.80576 212.0397 100.4744 285.5149 89.16267 0 0 0 0 0 0 0 0 0 0 0 0 
267.8593 110.3667 245.9452 171.7875 176.0251 171.8051 103.2753 246.651 84.21413 250.882 317.9722 165.4412 375.193 222.6248 436.628 252.3161 0 0 0 0 0 0 0 0 0 0 0 0 0 0 246.6529 88.47632 279.1335 87.76646 209.9341 101.1597 285.5076 89.87111 0 0 0 0 0 0 0 0 0 0 0 0 
269.3658 97.88413 244.0411 174.482 170.2677 171.6833 113.3307 237.036 83.81097 249.681 312.9462 163.9355 372.6781 228.6095 412.0318 251.8158 0 0 0 0 0 0 0 0 0 0 0 0 0 0 248.2738 81.72976 279.9007 80.97868 206.8132 98.60268 284.1407 89.44086 0 0 0 0 0 0 0 0 0 0 0 0 
260.3455 105.3627 242.8053 176.1975 168.4937 174.7913 110.2821 234.4145 74.51705 256.1586 313.6573 165.6859 404.1114 256.1538 412.5247 256.1624 0 0 0 0 0 0 0 0 0 0 0 0 0 0 240.7235 86.42596 272.2697 86.40577 204.2621 103.2799 284.2129 92.7461 0 0 0 0 0 0 0 0 0 0 0 0 
253.9127 106.8244 242.0613 177.2184 166.7656 175.1281 103.3298 238.561 72.66112 254.6036 313.8442 168.1596 402.3662 254.6083 410.0228 254.6089 0 0 0 0 0 0 0 0 0 0 0 0 0 0 231.5679 90.78232 269.2185 88.69273 199.5198 109.6086 284.5694 99.8525 0 0 0 0 0 0 0 0 0 0 0 0 
251.9465 109.2189 241.3994 178.1189 166.1591 175.9975 104.2702 239.3054 71.21373 256.891 316.6614 166.8596 405.9781 256.8903 413.704 256.8948 0 0 0 0 0 0 0 0 0 0 0 0 0 0 230.8671 88.09157 267.4179 88.80707 199.9162 104.2633 283.6091 105.675 0 0 0 0 0 0 0 0 0 0 0 0 
249.6187 119.6029 240.4786 179.3601 166.7023 176.5366 109.0909 238.3779 71.14893 256.6573 314.2589 169.5212 407.7255 256.6556 413.3276 256.661 0 0 0 0 0 0 0 0 0 0 0 0 0 0 227.8447 98.53662 265.7789 98.54941 199.049 111.216 284.0393 113.9949 0 0 0 0 0 0 0 0 0 0 0 0 
250.2953 112.854 242.4991 176.6187 169.5235 175.9066 107.1722 239.6703 69.62178 258.8192 315.4974 166.7007 411.1358 258.8149 416.8035 258.8194 0 0 0 0 0 0 0 0 0 0 0 0 0 0 229.7689 96.54459 267.3033 95.12662 201.3842 112.1253 283.6039 112.1389 0 0 0 0 0 0 0 0 0 0 0 0 
249.8225 122.8845 242.0734 177.2018 170.8426 176.4812 105.2532 241.3591 73.52554 257.5934 313.9944 168.7203 407.0851 257.5926 414.8326 257.5956 0 0 0 0 0 0 0 0 0 0 0 0 0 0 228.6494 101.7395 266.0358 102.4219 199.7632 115.1011 283.6674 114.4191 0 0 0 0 0 0 0 0 0 0 0 0 
250.4425 122.5007 241.2563 178.3126 170.5522 177.6251 110.458 236.2952 71.59061 258.225 314.046 168.4341 408.0688 258.2157 415.8429 258.2229 0 0 0 0 0 0 0 0 0 0 0 0 0 0 229.2097 104.0971 267.3906 104.8216 200.2271 115.4326 284.338 116.8287 0 0 0 0 0 0 0 0 0 0 0 0 
